-0.014897
0.00090833
-0.011691
-0.01146
0.0010835
0.0089908
-0.0061293
0.0062461
-0.020822
-0.0082625
0.00018786
-0.0062105
0.021119
-0.016427
0.010636
-0.011231
-0.0027068
-0.025509
-0.024509
0.033868
-0.066263
0.015691
0.014081
0.018958
0.048856
0.054047
0.017044
-0.0092962
-0.0044209
0.040552
0.0053327
-0.00072459
-0.0076198
-0.0079441
0.010646
0.015361
-0.0069316
0.0037983
-0.0072352
0.027235
0.0024656
-0.00053435
0.0019015
0.000026023
0.0047638
-0.0034375
0.0024529
0.0055196
-0.0056104
0.0075486
-0.0011071
-0.010345
-0.00064441
-0.009059
0.0059679
0.0094454
0.0031524
0.00075433
0.013551
0.0010358
0.0022459
0.0059078
0.00097601
0.0043521
-0.0049817
-0.0017271
-0.0028682
0.0026095
0.0042378
0.0026293
-0.0041134
0.013712
-0.0082773
0.0084883
-0.005526
-0.0086111
0.016796
-0.0031367
-0.0043931
0.00042397
0.0061832
-0.0024811
-0.0088392
0.0019405
-0.013955
-0.0048311
0.0011527
-0.0024343
-0.0026513
-0.00089601
0.00058889
0.00366
-0.0031034
-0.0016963
0.00085809
0.005286
-0.0056253
0.014007
0.0021508
-0.0020876
0.0047115
0.003444
-0.0029162
0.0056054
0.002601
-0.00059196
-0.0060079
-0.00075275
0.0023004
0.0078018
-0.00098201
0.00098201
-0.00024852
-0.0037851
0.0021745
-0.0019811
-0.0063937
0.0029079
-0.011315
-0.0013997
-0.0049495
0.00070676
-0.0014778
0.0033727
-0.0020095
0.00014003
0.0021299
0.00025402
-0.0055203
0.00086795
-0.0068813
-0.0031975
-0.00041249
0.0048617
0.00013471
-0.00085348
0.0041323
0.0068684
0.00919
-0.0034853
0.0001452
0.0055774
-0.0021492
0.0017285
0.00037674
0.0028085
-0.00070765
0.0020089
0.0030027
-0.001903
-0.00015614
0.00081166
-0.0040336
0.005387
-0.0029461
0.00008751
-0.0052453
0.012873
-0.010576
-0.0033658
0.00064138
0.0060726
0.0054831
-0.0042718
-0.0049295
0.0051043
-0.0039385
0.0017336
0.00066885
0.000012498
-0.0046537
0.013822
0.00060042
-0.0070295
0.0044085
-0.00085656
0.010102
0.0075387
-0.0025657
0.0047719
0.003203
0.0052171
-0.0025204
0.0019709
-0.00016309
0.001684
-0.0056001
0.0052019
0.0068602
0.0020531
-0.0017476
0.005859
-0.00017271
0.0023202
-0.0031126
0.0029106
0.0029377
0.0015218
0.00056196
-0.0043738
-0.006848
0.00034082
0.0010696
0.0012653
-0.00028633
0.0036327
-0.0040504
-0.0053202
-0.008303
-0.0087265
0.00014037
0.0031136
0.0042495
0.00027862
0.0025827
-0.0037158
-0.0031821
0.0068013
-0.0027525
-0.008676
-0.0078708
-0.0056204
-0.0082216
-0.0018939
0.0022186
0.0011667
0.0010096
-0.0038508
0.0076247
-0.0076247
0.0011874
0.0057172
0.0051165
0.0092372
0.0035565
-0.0040157
0.0027522
-0.0030952
0.0061383
-0.002982
0.00059833
-0.0016493
0.0014235
-0.0064739
-0.0033113
0.000006165
-0.0014436
0.00072208
0.0052671
0.001147
-0.00071133
-0.0036504
0.0093331
0.0015116
0.0014667
-0.0015459
0.0019836
-0.0011313
-0.0063369
-0.0025571
0.0091496
-0.0014003
0.0008526
0.0043794
-0.00047892
0.010562
-0.0018016
0.012277
0.0020582
0.0019298
-0.0061694
-0.0035886
0.0022191
-0.0041558
-0.0039869
0.0091314
0.0041879
-0.000077065
-0.00071165
0.0049532
0.0039885
0.0040898
0.0033439
0.0032338
0.0032408
-0.001834
0.0053649
-0.0026035
-0.011431
-0.0081311
-0.0023125
0.00013618
-0.0022286
0.0012512
0.00068129
-0.0012089
0.0040652
-0.0057921
-0.000047518
0.00034445
0.0037339
0.0041855
0.0020774
-0.0043834
-0.0032232
0.0082472
-0.0058333
-0.0054812
-0.0058939
0.0037823
-0.001943
0.0042032
-0.0025817
-0.0066035
0.0029516
0.0038247
-0.0056077
0.0036167
-0.0046173
0.01338
0.00088097
-0.00079816
-0.010775
0.0066857
-0.0080737
-0.011877
0.0030851
-0.012367
0.0038512
0.012314
0.0084124
-0.0076245
-0.0064176
0.0064416
0.010306
0.0016647
0.0029244
0.0039725
0.0027867
-0.011753
0.0097625
-0.005788
-0.00093726
0.01005
-0.0035964
-0.00015332
-0.00014745
0.0090075
-0.0025343
-0.0071576
-0.0034293
-0.00049763
0.0050655
0.0070207
0.0077737
-0.0038064
-0.0035517
0.0029626
-0.0040634
0.0013758
-0.013743
-0.0013117
-0.00039801
0.0020952
0.0020435
0.0044633
0.014544
0.0055983
0.0033831
0.0014834
-0.0021568
-0.0046746
0.0011562
-0.012939
0.015501
0.02221
0.00090143
0.00078809
0.0072661
0.0034519
0.0010294
-0.0031694
0.00038487
0.003057
0.000044477
-0.0023656
0.0031714
0.0057993
-0.0038403
-0.0016591
-0.0043243
0.0060166
-0.0062063
-0.0041086
0.007767
-0.00033354
-0.0017084
0.009567
0.00045225
0.0033469
0.00053842
0.0034325
-0.0084101
-0.0016629
0.0012599
-0.0070713
-0.0058734
-0.0023018
-0.0034824
0.0048664
-0.0012102
-0.0002467
0.012488
-0.00044313
-0.00012189
-0.0075866
-0.0063515
0.00019102
-0.0011017
0.0057088
-0.0022729
-0.0078717
-0.00063288
-0.0016462
-0.0013881
-0.00048204
-0.0028232
-0.0018732
0.0026011
-0.0035134
-0.0090479
-0.006126
-0.0027489
-0.01072
-0.0087256
-0.00097159
-0.0086316
-0.005257
0.015973
-0.0013021
-0.0047969
0.0027812
0.0038205
-0.015382
0.00024011
0.0058529
0.0013357
0.0095189
-0.0010808
0.010247
0.0032758
0.016231
0.01047
0.0010155
0.00033449
0.0065764
0.0014181
0.004203
-0.0048724
-0.012451
0.000017093
0.00068915
-0.0090135
-0.012336
0.032368
0.012068
-0.012169
0.015973
0.022351
0.0046234
0.00049621
-0.000032354
0.0020578
-0.0054284
0.0012004
-0.0021153
-0.0099655
0.0074278
0.0053985
0.0001242
0.0098539
-0.0036959
-0.0060284
-0.00018358
0.007215
0.0080199
0.0039224
0.0039282
-0.0084038
0.00062237
-0.0009204
-0.0054921
0.0027525
-0.0019928
-0.0047764
-0.0060744
-0.0068896
-0.00047915
-0.011057
0.019004
0.0040818
0.002746
-0.0038228
0.00081848
0.0024622
-0.0013647
0.0028509
0.0062265
-0.0059156
-0.0050562
-0.0045622
-0.00083912
-0.00060677
0.006369
0.0037462
-0.0015086
-0.0093384
-0.0023347
-0.00093541
0.0056806
-0.0031157
0.0072729
0.0025774
-0.0025074
0.0081875
-0.0060994
0.00076312
-0.0034602
0.0016697
-0.0011739
0.00071634
-0.010304
-0.001824
-0.0010415
-0.001556
-0.0056713
0.010724
-0.0015016
-0.01328
0.022164
0.0093514
-0.0010163
0.0010377
-0.0089142
-0.004357
-0.0047897
0.00054421
-0.002664
-0.0023594
-0.0039612
0.0038518
-0.0014228
-0.000065718
-0.001776
-0.0031817
0.0033189
0.0022083
0.0028422
-0.0077696
-0.008019
-0.0059284
-0.005644
0.0078838
-0.0099053
-0.0041342
-0.0066653
0.00014204
-0.0051432
-0.0026188
-0.0055575
0.0084218
0.00081604
0.0033769
-0.012206
-0.0046666
-0.0058567
0.0010347
-0.001279
-0.00041892
0.0037814
-0.0068122
0.0027572
0.0014659
-0.0034704
0.0031681
-0.0015304
0.0023499
0.0013179
-0.0016608
-0.0013492
0.0019186
-0.0020641
0.0028363
0.0061448
0.0022356
0.0027531
0.0025967
-0.0014953
0.0038568
-0.0049524
-0.00078089
0.000068926
0.0016528
0.0022853
0.00024598
-0.0012706
-0.0053576
0.0012946
-0.0016747
0.0030653
-0.00047098
0.001917
0.0028629
0.0030713
0.00054136
-0.00075228
0.0018284
0.0022283
0.0016453
-0.000017007
-0.0027873
0.0015621
-0.0012324
-0.0027828
0.00045579
0.0014116
0.0035091
0.00076491
0.0020086
0.0010734
0.0014332
0.0017351
0.0039322
0.0014958
-0.0027805
0.0026349
0.0021197
-0.0039859
-0.0015943
0.0017289
-0.0059064
-0.0016092
0.0019928
-0.0068019
0.00473
-0.00018086
0.0035716
-0.0014429
0.0007217
-0.0014665
0.0025931
0.000050668
-0.0014422
-0.00076703
-0.00073939
-0.002329
0.0060992
0.000095621
0.0020845
-0.0021014
-0.0019029
-0.0014832
-0.0007283
-0.0030998
-0.0028935
0.0039976
0.0016906
-0.002302
-0.0015074
-0.00076589
-0.0016074
-0.0020087
0.0009337
-0.0013382
0.00015384
-0.00010826
-0.0006954
0.0019709
-0.0012584
0.0011958
0.0015922
0.0060049
-0.0013395
-0.0034445
0.0037329
-0.002831
0.0043507
-0.000073393
0.0046301
-0.0011358
-0.001047
0.0028907
0.0045887
0.0013463
-0.00072599
0.0013064
-0.004423
0.0024907
-0.0018576
0.000196
0.002846
-0.00171
-0.0061713
-0.0078191
0.0015642
-0.00030018
-0.00025494
0.0041898
0.0009362
-0.0016643
-0.0021706
0.0043929
-0.0037649
-0.00062793
0.0047872
0.0014069
0.00028115
-0.0015642
-0.00027033
-0.004986
0.00089965
-0.0030644
-0.0023116
0.0078388
0.0033568
-0.0058705
-0.000079186
0.00056548
-0.0017653
-0.0055369
-0.008257
-0.0015285
0.0009484
-0.0038394
-0.001697
0.0041451
0.0033886
-0.0047357
0.0021178
0.0012639
-0.0012409
0.0029332
0.0014434
-0.00097346
-0.0030985
0.0052503
0.00066292
0.0022883
-0.0054124
0.00045836
0.00071577
0.00074386
0.0036369
-0.0030022
-0.0024094
-0.0046291
-0.011452
0.0029711
-0.00031936
-0.0025236
-0.000093159
0.0047169
0.0018065
-0.00075231
-0.011049
0.0042581
-0.010535
-0.0023117
0.000041327
0.0026591
0.0036029
0.0021099
-0.00089614
0.0035272
-0.0028653
-0.000052704
0.0012875
-0.00052067
0.00078382
-0.0066292
-0.006164
0.00020134
0.0014201
-0.0036905
-0.0068662
-0.0011599
0.008827
0.0034689
-0.0049109
-0.0019259
-0.0055967
-0.0038487
0.00097256
-0.00089448
-0.0011959
-0.0025227
0.008201
0.0031401
-0.001521
-0.0018881
-0.0024851
0.0045403
-0.0093965
-0.0074684
-0.0072739
0.0037837
-0.0023173
-0.0046692
-0.0065354
-0.0015633
0.0037342
0.0039289
0.0030207
-0.00013461
0.0021332
-0.00048858
0.0038411
0.0012103
-0.0023489
0.0014185
-0.006886
-0.0016798
-0.002925
0.0024524
-0.0015482
-0.0045108
0.004812
0.0010628
-0.00085997
-0.0018761
0.0037916
-0.00065037
-0.0012528
-0.0021408
0.0018274
0.00052852
0.0017985
-0.0085736
0.010797
0.011287
-0.0031027
0.0097843
-0.0079834
-0.0014247
-0.000097078
0.0069656
0.0068037
0.00091524
-0.0013103
-0.00074267
0.0029256
0.0020947
0.00019671
-0.0046479
-0.0016781
0.00065358
-0.00041968
-0.0083462
0.0031757
0.0036402
0.0012065
0.0010133
-0.0020396
0.000036028
0.0008103
-0.0022885
-0.0010048
-0.0052508
0.010288
-0.0028069
-0.00014416
0.0028672
0.00089208
-0.00079625
-0.0065678
-0.0017801
-0.0024611
0.00077465
0.0050688
0.0094592
0.005506
0.002925
-0.0010707
0.00020713
-0.0070309
-0.0037554
-0.000742
0.0044855
0.0021074
0.00088567
-0.001659
0.0010469
0.00060027
0.004742
-0.0020067
0.0042512
-0.00032456
0.0032821
-0.0056398
-0.0036628
-0.0031817
-0.0034429
-0.0007893
0.00058008
-0.0051787
-0.0052722
-0.0041104
0.0070904
0.0030071
-0.0072142
0.0031645
0.0030463
-0.0012872
0.0041085
-0.006519
0.000072399
0.0072555
0.00056285
0.00017358
-0.0014614
-0.008197
0.0033844
-0.0038741
-0.000060462
-0.0056573
0.0037448
0.0024988
-0.0052226
0.0047632
-0.0072021
-0.0049874
-0.00277
0.0027761
0.0036225
-0.0013973
-0.002115
-0.0061687
-0.00573
0.0080547
-0.001137
0.0022482
0.007001
0.0056445
0.0044373
0.0016694
-0.007028
-0.0076276
-0.0036303
-0.0024746
-0.00030746
0.0023772
0.0044811
-0.0037329
-0.000079704
-0.0031442
0.0055509
-0.0037381
0.0030467
0.001199
-0.0014255
-0.0074848
0.0043392
0.012645
-0.0026719
-0.0053286
-0.0022338
0.010465
-0.0025922
0.0075636
-0.0037111
0.012803
0.0012188
0.010442
0.000094539
0.012921
0.0020102
0.002041
-0.0073228
0.0013099
0.0038089
0.0059843
-0.0024393
-0.00038876
-0.0047177
0.00016325
0.0018173
0.0034217
-0.004231
0.00062298
0.0041588
-0.0085512
0.0041014
0.00013972
-0.0016196
-0.0073915
0.00081029
0.0068669
0.0052441
0.00011597
-0.0037118
-0.0011762
-0.0076912
-0.0057469
-0.0014833
0.0055378
-0.0022197
-0.003324
-0.0027004
0.00089502
0.0059484
-0.003209
-0.0025379
0.0016749
-0.012023
-0.0096646
0.0052378
-0.0031792
0.0036179
0.0078469
-0.0016051
0.00017316
0.0030642
-0.0093891
0.00040249
-0.0090681
-0.0037769
0.00012775
0.00027977
0.010917
-0.0034285
-0.014267
0.012098
0.0088047
-0.02015
-0.0018309
-0.0029955
-0.00089179
0
-0.015059
0.011125
0.0063977
-0.0040469
0.0036356
0.0029982
0.0055556
-0.00071257
-0.0023056
0.012151
-0.0014973
0.0077278
-0.0013619
-0.0074298
0.023397
0.00037216
-0.0046056
-0.0087185
-0.0043308
-0.012248
-0.0086605
0.0090499
0.0076475
-0.013608
-0.0069329
0.0043778
0.0062261
0.0051752
0.0064752
0.0059364
0.0016521
-0.0024732
0.0036208
0.0017011
0.0033342
-0.0060873
0.0062181
0.00029712
0.0007899
-0.0043969
-0.003662
-0.0054069
-0.0011018
-0.0021468
0.0030319
-0.0033338
0.0017557
0.0025827
0.0012738
0.012407
-0.00024319
0.0016833
-0.0017308
-0.0047931
-0.0080739
0.00098505
0.00076215
0.011648
0.0061712
0.0057819
0.0024227
-0.0034192
0.001184
-0.0012192
0.0076945
-0.00080349
-0.0020816
-0.0012323
-0.00074832
-0.0019436
-0.0084385
-0.0017448
-0.015956
-0.0090149
-0.01147
0.0031446
-0.0079202
-0.010991
0.0031821
0.0040826
-0.00114
0.013668
0.0025039
0.018121
0.0072158
-0.020664
-0.0045759
-0.02222
0.0064769
-0.0066265
-0.01018
-0.002694
0.0039786
0.0085153
-0.0078674
0.01189
0.0021912
-0.006869
-0.013407
-0.010451
-0.020543
0.02738
0.0017385
0.0031837
-0.0017963
-0.0044795
0.015322
0.015411
-0.0072349
0.016497
0.010732
0.01695
0.0071004
0.018081
-0.0010611
0.0118
-0.012142
-0.013567
-0.00054723
0.00041781
0.0059012
0.006413
0.00097584
0.0041078
0.0038434
-0.0069705
0.0015069
0.00030689
-0.0035727
-0.0029035
-0.00030889
-0.0082175
-0.0033614
0.0096652
0.0027702
0.0099616
-0.00020761
-0.0034201
-0.012415
-0.0086625
0.010904
0.0036997
0.0086241
-0.0027873
0.0034108
-0.0063627
-0.0021222
0.0050741
-0.002679
-0.000046452
0.0070649
0.00022484
0.00050138
-0.0037983
0.0059968
0.0033747
-0.0022083
0.0044061
-0.0044692
0.0011708
0.0023547
0.0045903
-0.00029055
0.0051263
0.0018746
0.01132
0.0042093
0.0083603
-0.00021548
0.0075856
-0.0063707
-0.0024147
-0.0025093
-0.0024489
0.0038179
0.0011956
-0.0014117
0.0087533
0.0035358
-0.0050196
0.013471
0.0065603
0.0024336
0.001612
-0.0088982
0.0046962
0.00432
-0.0076197
-0.0015158
