24242.49
23537.68
23504.35
23949.76
23390.77
23719.37
23433.57
22653.86
22679.99
21052.53
21413.44
20943.51
21917.16
22327.48
21636.78
22552.17
21200.55
20704.91
18591.93
19173.98
20087.19
19898.92
21237.38
20188.52
23185.62
21200.62
23553.22
25018.16
23851.02
25864.78
26121.28
27090.86
25917.41
26703.32
25409.36
25766.64
26957.59
27081.36
27960.80
28992.41
29219.98
29348.03
29232.19
29398.08
29423.31
29551.42
29276.34
29276.82
29102.51
29379.77
29290.85
28807.63
28399.81
28256.03
28859.44
28734.45
28722.85
28535.80
28989.73
29160.09
29186.27
29196.04
29348.10
29297.64
29030.22
28939.67
28907.05
28823.77
28956.90
28745.09
28583.68
28703.38
28634.88
28868.80
28538.44
28462.14
28645.26
28621.39
28515.45
28551.53
28455.09
28376.96
28239.28
28267.16
28235.89
28135.38
28132.05
27911.30
27881.72
27909.60
28015.06
27677.79
27649.78
27502.81
27783.04
28051.41
28164.00
28121.68
28066.47
27875.62
27766.29
27821.09
27934.02
28036.22
28004.89
27781.96
27783.59
27691.49
27691.49
27681.24
27674.80
27492.56
27492.63
27462.11
27347.36
27046.23
27186.69
27071.42
27090.72
26958.06
26805.53
26833.95
26788.10
26827.64
26770.20
27025.88
27001.98
27024.80
26787.36
26816.59
26496.67
26346.01
26164.04
26478.02
26573.72
26201.04
26078.62
26573.04
26916.83
26820.25
26891.12
26970.71
26807.77
26949.99
26935.07
27094.79
27147.08
27110.80
27076.82
27219.52
27182.45
27137.04
26909.43
26835.51
26797.46
26728.15
26355.47
26118.02
26403.28
26362.25
26036.10
25777.90
25898.83
25628.90
26252.24
26202.73
25962.44
26135.79
25886.01
25579.39
25479.42
26279.91
25907.37
26287.44
26378.19
26007.07
26029.52
25717.74
26485.01
26583.42
26864.27
27198.02
27221.35
27192.45
27140.98
27269.97
27349.19
27171.90
27154.20
27222.97
27219.85
27335.63
27359.16
27332.03
27088.08
26860.20
26783.49
26806.14
26922.12
26966.00
26786.68
26717.43
26599.96
26526.58
26536.82
26548.22
26727.54
26719.13
26753.17
26504.00
26465.54
26112.53
26089.61
26106.77
26004.83
26048.51
26062.68
25983.94
25720.66
25539.57
25332.18
24819.78
24815.04
25169.88
25126.41
25347.77
25585.69
25490.47
25776.61
25877.33
25679.90
25764.00
25862.68
25648.02
25532.05
25324.99
25942.37
25828.36
25967.33
25965.09
26438.48
26504.95
26307.79
26430.14
26592.91
26554.39
26543.33
26462.08
26597.05
26656.39
26511.05
26559.54
26449.54
26452.66
26384.77
26412.30
26143.05
26157.16
26150.58
26341.02
26424.99
26384.63
26218.13
26179.13
26258.42
25928.68
25717.46
25625.59
25657.73
25516.83
25502.32
25962.51
25745.67
25887.38
25914.10
25848.87
25709.94
25702.89
25554.66
25650.88
25450.24
25473.23
25673.46
25806.63
25819.65
26026.32
25916.00
25985.16
26057.98
26091.95
26031.81
25850.63
25954.44
25891.32
25883.25
25439.39
25543.27
25425.76
25053.11
25106.33
25169.53
25390.30
25411.52
25239.37
25063.89
24999.67
25014.86
24579.96
24528.22
24737.20
24553.24
24575.62
24404.48
24706.35
24370.10
24207.16
24065.59
23909.84
23995.95
24001.92
23879.12
23787.45
23531.35
23433.16
22686.22
23346.24
23327.46
23062.40
23138.82
22878.45
21792.20
22445.37
22859.60
23323.66
23675.64
23592.98
24100.51
24597.38
24527.27
24370.24
24423.26
24388.95
24947.67
25027.07
25826.43
25538.46
25338.84
25366.43
24748.73
24640.24
24285.95
24464.69
24465.64
25017.44
25413.22
25289.27
25080.50
25286.49
25387.18
25989.30
26191.22
26180.30
25635.01
25461.70
25270.83
25380.74
25115.76
24874.64
24442.92
24688.31
24984.55
24583.42
25191.43
25317.41
25444.34
25379.45
25706.68
25798.42
25250.55
25339.99
25052.83
25598.74
26430.57
26486.78
26447.05
26627.48
26828.39
26773.94
26651.21
26458.31
26439.93
26385.28
26492.21
26562.05
26743.50
26656.98
26405.76
26246.96
26062.12
26154.67
26145.99
25998.92
25971.06
25857.07
25916.54
25995.87
25974.99
25952.48
25964.82
25986.92
26124.57
26064.02
26049.64
25790.35
25656.98
25733.60
25822.29
25758.69
25669.32
25558.73
25162.41
25299.92
25187.70
25313.14
25509.23
25583.75
25628.91
25502.18
25462.58
25326.16
25333.82
25415.19
25306.83
25451.06
25527.07
25414.10
25241.94
25044.29
25058.12
25064.50
25199.29
25119.89
25064.36
25019.41
24924.89
24700.45
24919.66
24776.59
24456.48
24356.74
24174.82
24307.18
24271.41
24216.05
24117.59
24283.11
24252.80
24580.89
24461.70
24657.80
24700.21
24987.47
25090.48
25175.31
25201.20
25320.73
25322.31
25316.53
25241.41
25146.39
24799.98
24813.69
24635.21
24415.84
24667.78
24361.45
24753.09
24811.76
24886.81
24834.41
25013.29
24715.09
24713.98
24768.93
24706.41
24899.41
24831.17
24739.53
24542.54
24360.21
24357.32
24262.51
23930.15
23924.98
24099.05
24163.15
24311.19
24322.34
24083.83
24024.13
24448.69
24462.94
24664.89
24748.07
24786.63
24573.04
24360.14
24483.05
24189.45
24408.00
23979.10
23932.76
24505.22
24264.30
24033.36
23644.19
24103.11
23848.42
23857.71
24202.60
23533.20
23957.89
24682.31
24727.27
24610.91
24946.51
24873.66
24758.12
25007.03
25178.61
25335.74
24895.21
24801.36
24884.12
24874.76
24538.06
24608.98
25029.20
25410.03
25709.27
25309.99
24962.48
24797.78
24964.75
25219.38
25200.37
24893.49
24640.45
24601.27
24190.90
23860.46
24893.35
24912.77
24345.75
25520.96
26186.71
26149.39
26076.89
26439.48
26616.71
26392.79
26252.12
26210.81
26214.60
26071.72
26017.81
26115.65
25792.86
25803.19
25574.73
25369.13
25385.80
25283.00
25295.87
25075.13
24922.68
24824.01
24719.22
24837.51
24774.30
24746.21
24754.06
24782.29
24726.65
24754.75
24792.20
24651.74
24508.66
24585.43
24504.80
24386.03
24329.16
24211.48
24140.91
24180.64
24290.05
24231.59
24272.35
23940.68
23836.71
23580.78
23557.99
23526.18
23590.83
23430.33
23358.24
23458.36
23271.28
23409.47
23439.70
23422.21
23461.94
23563.36
23557.23
23548.42
23539.19
23516.26
23435.01
23377.24
23348.74
23434.19
23400.86
23329.46
23441.76
23273.96
23328.63
23163.04
23157.60
22997.44
22956.96
22871.72
22841.01
22872.89
22830.68
22761.07
22773.67
22775.39
22661.64
22641.67
22557.60
22405.09
22381.20
22340.71
22284.32
22296.09
22349.59
22359.23
22412.59
22370.80
22331.35
22268.34
22203.48
22158.18
22118.86
22057.37
21797.79
21784.78
21807.64
21753.31
21987.56
21948.10
21892.43
21865.37
21808.40
21813.67
21783.40
21812.09
21899.89
21703.75
21674.51
21750.73
22024.87
21998.99
21993.71
21858.32
21844.01
22048.70
22085.34
22118.42
22092.81
22026.10
22016.24
21963.92
21891.12
21830.31
21796.55
21711.01
21613.43
21513.17
21580.07
21611.78
21640.75
21574.73
21629.72
21637.74
21553.09
21532.14
21409.07
21408.52
21414.34
21320.04
21478.17
21479.27
21349.63
21287.03
21454.61
21310.66
21409.55
21394.76
21397.29
21410.03
21467.14
21528.99
21384.28
21359.90
21374.56
21328.47
21235.67
21271.97
21182.53
21173.69
21136.23
21184.04
21206.29
21144.18
21008.65
21029.47
21080.28
21082.95
21012.42
20937.91
20894.83
20804.84
20663.02
20606.93
20979.75
20981.94
20896.61
20919.42
20943.11
20975.78
21012.28
21006.94
20951.47
20957.90
20949.89
20913.46
20940.51
20981.33
20975.09
20996.12
20763.89
20547.76
20578.71
20404.49
20523.28
20636.92
20453.25
20591.86
20651.30
20658.02
20656.10
20662.95
20648.15
20689.24
20650.21
20663.22
20728.49
20659.32
20701.50
20550.98
20596.72
20656.58
20661.30
20668.01
20905.86
20914.62
20934.55
20950.10
20837.37
20881.48
20902.98
20858.19
20855.73
20924.76
20954.34
21005.71
21002.97
21115.55
20812.24
20837.44
20821.76
20810.32
20775.60
20743.00
20624.05
20619.77
20611.86
20504.41
20412.16
20269.37
20172.40
20054.34
20090.29
20052.42
20071.46
19884.91
19890.94
19864.09
19971.13
20093.78
20100.91
20068.51
19912.71
19799.85
19827.25
19732.40
19804.72
19826.77
19885.73
19891.00
19954.28
19855.53
19887.38
19963.80
19899.29
19942.16
19881.76
19762.60
19819.78
19833.68
19945.04
19933.81
19918.88
19941.96
19974.62
19883.06
19843.41
19852.24
19792.53
19911.21
19796.43
19756.85
19614.81
19549.62
19251.78
19216.24
19170.42
19191.93
19123.58
19121.60
19097.90
19152.14
19083.18
19023.87
18956.69
18867.93
18903.82
18868.14
18923.06
18868.69
18847.66
18807.88
18589.69
18332.74
18259.60
17888.28
17930.67
17959.64
18037.10
18142.42
18161.19
18169.68
18199.33
18169.27
18223.03
18145.71
18162.35
18202.62
18161.94
18086.40
18138.38
18098.94
18144.20
18128.66
18329.04
18240.49
18268.50
18281.03
18168.45
18253.85
18308.15
18143.45
18339.24
18228.30
18094.83
18261.45
18392.46
18293.70
18129.96
18120.17
18123.80
18212.48
18034.77
18066.75
18325.07
18085.45
18479.91
18526.14
18538.12
18491.96
18419.30
18400.88
18454.30
18502.99
18395.40
18448.41
18481.48
18547.30
18529.42
18552.57
18597.70
18573.94
18552.02
18636.05
18576.47
18613.52
18495.66
18533.05
18529.29
18543.53
18352.05
18355.00
18313.77
18404.51
18432.24
18456.35
18472.17
18473.75
18493.06
18570.85
18517.23
18595.03
18559.01
18533.05
18516.55
18506.41
18372.12
18347.67
18226.93
18146.74
17895.88
17918.62
17840.62
17949.37
17929.99
17694.68
17409.72
17140.24
17400.75
18011.07
17780.83
17829.73
17804.87
17675.16
17733.10
17640.17
17674.82
17732.48
17865.34
17985.19
18005.05
17938.28
17920.33
17807.06
17838.56
17789.67
17787.20
17873.22
17828.29
17851.51
17706.05
17492.93
17500.94
17435.40
17526.62
17529.98
17710.71
17535.32
17720.50
17711.12
17928.35
17705.91
17740.63
17660.71
17651.26
17750.91
17891.16
17773.64
17830.76
18041.55
17990.32
17977.24
18003.75
17982.52
18096.27
18053.60
18004.16
17897.46
17926.43
17908.28
17721.25
17556.41
17576.96
17541.96
17716.05
17603.32
17737.00
17792.75
17685.09
17716.66
17633.11
17535.39
17515.73
17502.59
17582.57
17623.87
17602.30
17481.49
17325.76
17251.53
17229.13
17213.31
16995.13
17000.36
16964.10
17073.95
17006.77
16943.90
16899.32
16865.08
16516.50
16639.97
16697.29
16484.99
16431.78
16620.66
16391.99
16413.43
16453.83
16196.41
15973.84
15660.18
15914.74
16014.38
16027.05
16204.97
16416.58
16336.66
16153.54
16449.18
16466.30
16069.64
15944.46
16167.23
15885.22
16093.51
15882.68
15766.74
16016.02
15988.08
16379.05
16151.41
16516.22
16398.57
16346.45
16514.10
16906.51
17158.66
17148.94
17425.03
17603.87
17720.98
17528.27
17552.17
17602.61
17417.27
17251.62
17128.55
17495.84
17749.09
17524.91
17368.50
17265.21
17574.75
17492.30
17568.00
17730.51
17847.63
17477.67
17729.68
17888.35
17719.92
17798.49
17813.39
17812.19
17792.68
17823.81
17732.75
17737.16
17489.50
17483.01
17245.24
17448.07
17702.22
17758.21
17730.48
17910.33
17863.43
17867.58
17918.15
17828.76
17663.54
17755.80
17779.52
17581.43
17623.05
17646.70
17489.16
17168.61
17217.11
17230.54
17215.97
17141.75
16924.75
17081.89
17131.86
17084.49
17050.75
16912.29
16790.19
16776.43
16472.37
16272.01
16284.70
16049.13
16001.89
16314.67
16201.32
16279.89
16330.47
16510.19
16384.58
16674.74
16739.95
16599.85
16370.96
16433.09
16330.40
16253.57
16492.68
16102.38
16374.76
16351.38
16058.35
16528.03
16643.01
16654.77
16285.51
15666.44
15871.35
16459.75
16990.69
17348.73
17511.34
17545.18
17477.40
17408.25
17402.51
17402.84
17615.17
17373.38
17419.75
17540.47
17550.69
17598.20
17689.86
17745.98
17751.39
17630.27
17440.59
17568.53
17731.92
17851.04
17919.29
18100.41
18086.45
18120.25
18050.17
18053.58
17977.68
17760.41
17548.62
17515.42
17776.91
17683.58
17730.11
17757.91
17619.51
17596.35
17946.68
17890.36
17966.07
18144.07
18119.78
18015.95
18115.84
17935.74
17904.48
17791.17
17898.84
18039.37
18000.40
17764.04
17766.55
17849.46
17905.58
18076.27
18011.94
18040.37
18010.68
18126.12
18162.99
18041.54
18232.02
18285.74
18285.40
18312.39
18298.88
18272.56
18252.24
18060.49
18068.23
18105.17
18191.11
17924.06
17841.98
17928.20
18070.40
18024.06
17840.52
18035.53
18110.14
18037.97
18080.14
18058.69
18038.27
17949.59
18034.93
17826.30
18105.77
18112.61
18036.70
17977.04
18057.65
17958.73
17902.51
17875.42
17880.85
17763.24
17698.18
17776.12
17976.31
17712.66
17678.23
17718.54
18011.14
18116.04
18127.65
17959.03
