17055.47
16768.14
16719.07
17558.43
17621.62
17380.82
17411.72
17039.31
16384.35
16834.03
16544.97
17050.94
16872.41
16822.59
17369.38
17243.68
16948.60
15559.80
15731.85
15466.97
15120.48
15314.77
14980.34
15954.29
14894.44
17928.64
17870.18
18475.91
20799.89
21554.88
21946.03
21748.20
21655.09
21984.21
22799.37
23422.54
23090.44
23427.19
24773.15
25080.16
25477.55
25223.51
25120.54
24867.01
24892.15
24861.28
24688.89
24507.70
24478.32
24490.35
24236.63
23844.85
23460.01
23237.03
23781.10
24164.73
24027.63
23416.13
23969.13
23707.05
23706.29
23845.28
24002.45
24141.07
23940.41
23763.86
23928.21
23896.59
24021.40
24016.70
23832.02
23723.38
23581.29
23702.35
23836.26
23506.37
23757.60
23898.42
24003.64
23708.94
23628.87
23630.77
23524.76
23329.33
23390.95
23155.64
23122.82
22956.90
23182.72
22969.40
23034.20
22736.52
22728.59
23259.33
23342.42
23485.03
23546.58
23467.25
23259.80
23279.78
23351.78
23329.21
23463.98
23588.59
23481.35
23578.43
23782.15
23489.93
23534.49
23503.03
23373.22
23364.82
23311.43
22934.32
22693.77
22646.08
22680.74
22695.64
22608.99
22527.42
22351.07
22487.08
22478.19
22321.77
22375.67
22428.09
22365.34
22097.94
22165.34
21756.39
21533.64
21405.73
21652.15
21470.44
21311.51
21298.24
21927.57
22107.70
22017.40
21947.67
21788.22
21901.01
21899.88
22123.25
22128.24
21947.70
21801.93
21969.24
22181.41
22083.17
21891.57
21869.01
21989.73
21947.33
21955.07
21737.80
21399.23
21451.98
21322.90
21398.17
20990.71
20991.30
20676.83
20473.86
20816.99
20847.07
20485.43
20715.49
20322.59
20020.28
20539.43
20263.83
20324.23
20841.15
20538.85
20631.74
20773.30
21046.86
21566.91
21398.19
21278.24
21709.30
21837.74
21903.29
22080.32
21954.66
21735.70
21641.46
22090.81
22079.38
22204.08
22178.05
22182.70
22169.42
22044.96
21886.17
21976.00
21985.79
22120.70
21905.34
21392.87
21254.04
21234.79
21110.87
21057.14
21128.41
21284.10
21388.63
21361.44
21221.38
21133.78
20626.42
20612.45
20630.75
20463.25
20609.70
20484.99
20360.59
20177.81
20155.73
20229.42
19874.24
19802.11
19947.92
19999.94
20260.98
20363.13
20376.03
20136.39
20573.31
20698.61
20539.87
21105.28
21151.80
20863.14
20892.66
20593.72
20874.78
20817.16
21203.86
21219.14
21409.29
21763.48
21710.38
21881.33
21788.54
21737.97
21719.88
21724.44
21896.84
21956.59
22000.88
21918.93
21892.42
21858.31
21684.84
21671.76
21671.78
21771.96
21758.61
21705.60
21755.88
21522.92
21520.25
21286.13
21080.97
21194.19
21139.40
21059.60
21078.76
21373.06
21330.21
21430.35
21234.61
21045.41
20877.43
20749.20
20631.19
20638.22
20484.39
20697.56
20851.56
20715.97
20718.30
20694.53
20659.46
20498.79
20459.59
20436.96
20262.51
20209.72
20304.21
20228.19
20329.83
20212.34
19834.96
19989.90
19805.28
19586.56
19351.90
19478.32
19996.47
19833.49
19605.60
19576.77
19730.78
19771.55
19701.60
19608.13
19810.52
19564.48
19400.15
19437.27
19638.64
19708.06
19470.38
19477.77
19165.48
19171.48
19290.09
19300.74
19179.16
19000.14
18953.27
18831.79
18218.40
18330.99
18324.03
18064.62
18397.19
18576.90
18941.90
18644.85
18693.45
18910.79
19048.83
18945.80
18591.01
18410.13
18741.98
18643.83
19328.70
19353.43
19622.36
19188.97
19159.60
19115.16
19150.38
19233.45
18714.90
18603.04
18731.55
18471.38
18823.13
18878.31
18905.36
19077.47
19226.52
19055.92
19258.11
19429.14
19540.94
19268.29
19281.03
19390.34
19185.14
19050.22
18998.80
19039.85
18683.27
18815.32
18485.46
18802.47
18966.22
19080.16
19087.53
19454.99
19717.83
19287.64
19255.98
19356.61
19719.04
20062.25
19851.47
20345.96
20612.93
20736.01
20562.31
20609.99
20711.70
21511.07
21646.34
21668.99
21339.87
21536.74
21388.38
21280.78
21228.23
21111.40
20885.43
20846.18
20963.00
20853.84
20918.90
20447.69
20527.22
20581.78
20601.00
20395.79
20269.47
20495.10
20760.07
20620.05
20797.82
20741.96
20608.51
20699.70
20783.79
20470.97
20415.27
20524.13
20906.35
20969.26
21090.78
21634.25
21790.30
21853.81
21580.18
21586.85
21414.72
21791.45
22215.69
21941.01
21955.08
21862.87
21561.46
21874.69
21605.21
21794.60
21885.40
21972.22
21977.82
21822.96
21892.35
21790.12
21708.06
22057.30
22033.44
21925.51
21914.29
21686.61
21764.16
21427.20
21626.27
21432.34
21557.91
21419.27
21355.19
21888.47
21673.11
22120.58
22084.33
22099.27
22190.45
22486.32
22216.18
22119.76
22086.20
21355.98
21767.60
21807.59
21750.15
22009.95
22109.55
21784.18
21797.82
21350.88
21932.69
22398.15
22749.08
22911.71
23216.57
23092.38
23449.65
23801.99
23734.22
24297.17
24221.47
24159.34
24033.90
24266.56
24142.54
24544.26
24335.02
24064.46
24265.61
23979.37
23927.61
24039.63
23801.20
24035.49
23982.52
23829.34
23792.04
23759.88
23649.04
23329.31
23330.32
23304.88
23012.86
23173.68
23053.99
22929.87
22969.50
22442.78
22510.33
22411.15
22331.36
22209.75
22011.76
22289.10
22397.84
22820.12
22798.15
22633.10
22857.69
22713.47
22452.34
22690.98
22764.91
22745.60
22731.10
22473.47
22202.50
21819.91
21912.14
22448.38
22607.61
22724.46
22706.21
22672.15
22463.51
22653.01
22673.56
22568.92
22797.88
22495.64
22433.75
22034.42
22336.78
22166.75
22466.60
22986.18
22347.01
22821.63
23202.66
23541.46
23507.06
23480.92
23801.55
23856.99
23719.81
23622.62
23836.60
23890.18
23749.22
23630.81
23514.67
23495.28
23543.55
23429.83
23305.26
23157.42
23004.98
22845.69
22762.29
22512.13
21904.56
21845.16
21853.34
22120.95
22201.27
22209.05
22240.25
22109.65
22274.97
22390.53
22094.04
22191.74
22400.19
22727.32
22690.98
22773.80
22459.51
22307.28
22416.31
22362.11
22106.10
22368.29
22325.94
22291.77
22176.70
22416.31
22397.78
22315.24
22326.44
22189.25
22092.95
22206.60
22158.88
22297.08
22437.64
22560.79
22641.31
22831.30
22962.59
23002.85
23014.13
23046.05
22991.99
22793.69
22752.89
22665.03
22807.42
22446.39
22629.57
22379.16
22346.85
22133.21
22354.69
22337.78
22428.31
22413.54
22398.51
22552.21
22335.91
22476.75
22392.31
22566.03
22456.38
22784.82
22811.19
22696.32
22587.67
22622.19
22430.65
22389.57
22530.83
22491.73
22355.58
22425.42
22364.74
22229.49
22281.14
22233.30
22233.40
22134.11
21776.66
21722.51
21814.56
21737.69
21790.62
21858.56
21670.02
21503.46
21408.62
21726.21
21746.50
21729.87
21620.28
21729.48
21752.80
21814.96
21788.86
21984.85
21722.11
21354.02
21681.61
21848.37
22048.30
22031.17
21935.79
21793.72
21573.61
21612.81
21486.91
21430.36
21634.72
21577.56
21457.45
21326.58
21202.16
21438.63
21478.95
21358.20
21484.84
21492.29
21521.91
21432.55
21111.70
21190.67
21015.10
21084.19
20939.39
21031.05
21013.14
20584.23
20704.65
21047.80
20790.86
21001.95
20833.88
20930.26
21071.91
20810.02
21014.25
20940.73
20847.51
20960.55
21088.78
20910.23
21122.42
21042.41
20739.91
20760.01
20721.04
20928.24
20936.07
20731.68
20814.48
20783.82
21210.57
21291.72
21369.73
21415.74
21318.58
21567.52
21299.26
21283.72
21787.90
21704.46
21575.45
21482.52
21552.81
21486.95
21428.10
21483.86
21169.92
20759.31
20733.25
20609.16
20597.34
20836.51
20805.52
20684.41
19741.75
19849.44
19824.61
19442.71
19773.68
20004.93
20109.06
20202.05
20300.06
20296.97
20253.37
20257.10
20242.88
20492.94
20367.75
20276.80
20330.42
20124.19
20188.02
20167.49
19953.44
19918.84
19968.55
20074.28
20109.76
19774.02
19537.40
19706.95
19658.37
19571.24
19482.39
19455.05
19449.85
19664.45
19440.62
19364.39
18913.28
18914.30
18596.66
18819.49
18884.90
19043.58
18978.65
19006.46
19087.54
19056.16
19187.67
19064.64
18862.11
18947.44
18771.78
18662.61
18693.65
19116.04
18889.19
18740.65
18590.73
18759.40
19329.26
19439.65
19582.23
19499.54
19328.41
19479.46
19490.96
19358.10
19296.16
19247.25
19514.54
19156.59
19486.88
19424.19
19360.02
19687.71
19642.81
19626.64
19573.48
19566.53
19234.58
19203.94
19239.39
19390.83
19345.02
19121.26
19215.59
19247.24
18968.94
19014.75
18994.79
18606.32
18827.61
18370.32
18292.65
18427.86
18130.66
17757.80
17050.21
17086.85
17098.33
16930.41
16561.86
16216.95
16515.11
16500.73
16532.26
16519.89
16297.26
16265.90
16555.31
16559.84
16682.37
16686.33
16812.37
16804.88
16799.85
16817.41
16736.75
16318.60
16419.90
16474.52
16898.28
17125.05
17324.23
17426.46
17280.74
17230.03
17305.77
17166.76
17141.38
17044.34
16966.61
16630.34
16591.37
16269.26
16470.28
16474.06
16632.45
16405.27
16491.62
16476.58
16308.02
16273.95
16401.00
16338.78
16222.21
16134.71
16192.48
16452.84
16637.69
16349.82
16207.10
16399.26
16192.16
16595.43
16539.90
16547.75
16840.28
17156.48
17375.73
17292.84
17052.57
17190.44
17183.90
16923.28
16943.38
16891.42
16655.22
16843.99
16710.78
16891.63
16778.05
16369.14
16310.06
16673.58
16528.36
16792.96
16997.83
16969.69
16791.55
16796.14
16743.82
16626.28
16236.41
16129.84
16098.37
16554.83
16846.86
16522.64
16863.01
16697.01
16692.17
16778.67
16805.40
16763.82
16673.77
16762.73
16748.59
16797.52
16527.89
16721.00
16260.64
16066.38
15436.16
15423.79
15780.16
16012.31
16295.78
16197.78
15946.93
15601.62
15103.58
15723.81
17966.17
17323.27
17431.17
17353.45
16923.29
16351.90
16513.97
16271.35
16621.87
17120.16
17763.88
17909.70
17975.49
17625.00
17495.09
17767.30
17810.85
18025.25
18291.38
18186.14
18216.92
18201.39
17903.97
17325.08
17812.35
17545.56
17713.62
17498.88
17737.02
17729.45
17651.36
17698.08
17934.72
17685.80
17842.80
17923.90
17935.67
17966.81
18420.22
18600.56
18976.71
18750.62
18670.41
18403.23
18687.04
18732.96
18658.36
18447.98
18358.25
18257.35
18329.09
18165.59
17444.80
17722.66
17504.62
16818.25
17240.91
17109.30
17639.26
17776.84
18116.88
18375.32
18171.86
18165.84
18462.88
18698.82
18696.93
18611.34
18608.03
18731.75
18765.37
18981.77
18987.75
18118.23
18208.92
18017.56
18059.27
18278.98
18348.50
18206.41
18011.91
17623.07
17483.76
17104.54
16719.36
17163.46
17504.58
16909.56
17112.36
17377.89
16957.84
17041.82
16514.87
15773.00
16714.14
15913.12
16441.20
17250.26
17626.04
17412.04
17922.45
18485.95
18657.29
18189.95
18848.03
18923.83
18641.47
19028.42
18723.22
17967.91
18880.52
18686.86
19195.94
19803.41
20139.87
19970.10
19756.14
19869.49
20189.48
20422.39
20983.24
20733.81
21418.37
21661.33
21369.15
21456.36
21060.13
21099.32
21241.93
21523.10
21210.23
21272.68
20506.56
21015.29
21409.63
21500.88
21538.04
22037.17
22021.36
21995.71
22551.91
22581.33
22717.98
22575.18
22591.53
22359.23
21948.14
22294.69
22140.14
22191.99
22091.56
22309.39
21811.36
21842.56
21859.29
22385.11
22444.00
22107.30
22529.94
22223.70
22312.63
22459.45
22482.39
22442.51
22442.69
22686.24
22369.92
22629.64
22736.86
22616.90
22172.64
22270.11
22419.68
22337.66
22217.69
21838.20
22048.49
22091.27
22257.89
22156.74
22007.34
22182.65
21980.08
21395.29
21142.86
21294.98
20726.75
20759.49
21339.11
20581.83
21068.88
21031.80
21755.42
21514.90
22099.53
22059.21
21903.63
21553.80
21762.63
21901.45
22126.57
21941.31
21622.34
21472.68
22177.37
21612.00
21451.37
21941.92
21993.74
22201.24
21473.81
21649.69
20450.43
21746.17
22378.65
22975.32
23389.72
23407.99
23248.52
23356.01
22997.55
23698.49
23966.44
23705.00
23811.09
23911.81
23473.25
23714.38
23538.03
23396.09
23248.90
23328.02
22809.30
23507.70
23633.05
23681.11
23712.90
24031.19
23765.41
23783.14
23392.75
23097.51
23167.04
22937.40
22268.51
21512.39
20958.48
21600.72
22508.13
22616.50
22943.64
22460.71
22569.95
23800.47
23642.62
23443.07
23567.25
23485.95
22699.37
22460.02
22225.06
22383.48
22328.03
22877.81
23172.34
23091.49
22527.46
22642.29
22847.34
23336.50
23608.83
23576.16
23435.67
23495.68
23744.13
23861.07
23326.95
23285.11
23781.78
23739.69
23772.61
23713.26
23198.10
23473.46
23548.59
23210.97
23104.87
23321.86
23312.43
22841.92
22659.85
22576.35
23217.17
23045.52
22995.63
23532.09
23806.27
23427.35
23199.43
23315.40
23240.26
23332.98
23044.08
23610.81
24030.54
23752.91
24008.91
23877.25
23803.90
23578.70
23706.34
23308.53
23358.99
23157.12
23260.57
22984.23
22900.27
23145.10
23333.20
23057.12
23176.68
22805.17
