5786.96
5628.43
5597.88
5791.31
5842.66
5677.73
5704.25
5582.39
5415.50
5480.22
5454.57
5671.96
5563.74
5510.33
5815.73
5688.20
5446.01
4993.89
5190.78
5151.61
5080.58
5294.90
5151.08
5366.11
5237.48
5876.52
5960.23
5965.77
6462.55
6705.43
6815.59
6718.20
6654.89
6580.61
6796.40
7042.47
7017.88
7156.83
7403.92
7436.64
7457.02
7382.01
7433.25
7409.13
7452.03
7534.37
7499.44
7446.88
7466.70
7504.79
7482.48
7439.82
7326.31
7286.01
7381.96
7483.57
7480.69
7412.05
7585.98
7507.67
7571.92
7610.70
7651.44
7674.56
7609.81
7642.80
7622.35
7617.60
7587.85
7598.12
7574.93
7573.85
7575.34
7622.40
7604.30
7542.44
7587.05
7644.90
7632.24
7623.59
7582.48
7573.82
7540.75
7525.28
7519.05
7353.44
7273.47
7216.25
7213.76
7233.90
7239.66
7137.85
7188.50
7158.76
7285.94
7346.53
7416.43
7429.78
7403.14
7396.29
7326.81
7238.55
7262.49
7323.80
7307.70
7302.94
7292.76
7351.21
7365.44
7328.54
7359.38
7406.41
7396.65
7388.08
7369.69
7302.42
7248.38
7330.78
7306.26
7331.28
7324.47
7328.25
7260.74
7212.49
7163.64
7150.57
7182.32
7167.95
7211.64
7213.45
7247.08
7186.36
7166.50
7143.15
7197.88
7155.38
7077.64
7122.54
7360.32
7408.21
7426.21
7351.08
7289.99
7291.43
7326.08
7344.92
7356.42
7314.05
7320.40
7321.41
7367.46
7344.67
7338.03
7267.95
7235.81
7282.34
7271.17
7311.26
7268.19
7281.94
7207.18
7184.32
7114.71
7089.58
7094.98
7128.18
7203.97
7125.00
7189.65
7117.15
7067.01
7147.88
7250.90
7226.72
7253.85
7285.90
7198.70
7171.69
7223.85
7407.06
7584.87
7586.78
7646.77
7686.61
7549.06
7489.05
7501.46
7556.86
7514.93
7508.70
7493.09
7535.46
7577.20
7531.72
7505.97
7509.82
7530.69
7536.47
7549.27
7553.14
7603.58
7609.32
7559.19
7497.50
7425.63
7402.33
7416.39
7422.43
7416.69
7407.50
7424.44
7403.54
7443.04
7357.31
7345.78
7368.57
7367.62
7398.45
7375.54
7331.94
7259.85
7220.22
7214.29
7184.80
7161.71
7218.16
7185.30
7268.95
7277.73
7231.04
7334.19
7328.92
7310.88
7348.62
7353.51
7296.95
7241.60
7163.68
7203.29
7207.41
7271.00
7260.47
7380.64
7351.31
7385.26
7418.22
7440.66
7428.19
7434.13
7471.75
7523.07
7459.88
7471.32
7469.92
7436.87
7437.06
7417.95
7421.91
7425.57
7451.89
7446.87
7401.94
7418.28
7391.12
7317.38
7279.19
7234.33
7194.19
7196.29
7177.58
7207.59
7355.31
7291.01
7324.00
7299.19
7228.28
7185.43
7159.19
7151.15
7130.62
7104.31
7157.55
7196.00
7183.43
7134.39
7106.73
7074.73
7107.20
7151.12
7183.74
7178.60
7167.39
7228.62
7179.17
7219.47
7236.68
7197.01
7190.84
7133.14
7129.11
7071.18
7093.58
7173.09
7177.37
7034.13
7020.22
6968.85
6941.63
6833.93
6747.10
6809.22
6818.95
6842.88
6901.39
6970.59
6968.33
6834.92
6862.68
6895.02
6855.02
6918.18
6942.87
6906.63
6861.60
6810.88
6837.42
6692.66
6734.23
6728.13
6733.97
6584.68
6685.99
6721.17
6711.93
6765.94
6701.59
6773.24
6845.17
6877.50
6880.19
6806.94
6721.54
6778.11
6704.05
6921.84
7022.76
7062.41
6980.24
7038.95
7004.52
7016.85
7036.00
6952.86
6960.32
7050.23
6947.92
7000.89
7013.88
7038.01
7033.79
7053.76
7053.08
7105.34
7140.68
7117.28
7040.68
7103.84
7094.12
7114.66
7128.10
7035.85
7026.32
6939.56
7004.10
6962.98
6955.21
7042.80
7049.80
7026.99
7054.60
7059.40
7029.22
6995.91
7006.93
7145.74
7237.59
7233.33
7318.54
7418.34
7510.28
7474.55
7495.67
7510.20
7545.44
7511.49
7507.56
7458.41
7490.23
7367.32
7331.12
7300.23
7302.10
7304.04
7281.57
7313.36
7273.54
7279.30
7277.70
7318.96
7383.28
7457.86
7504.60
7432.42
7516.03
7563.21
7617.22
7577.49
7563.22
7574.24
7565.70
7591.26
7558.59
7556.38
7497.87
7611.64
7642.45
7667.01
7741.77
7776.65
7718.48
7663.78
7659.10
7575.93
7652.91
7748.76
7700.85
7701.31
7663.17
7658.26
7709.05
7655.79
7678.79
7683.97
7676.28
7626.33
7600.45
7661.87
7651.33
7591.96
7692.04
7687.99
7617.70
7603.22
7573.09
7593.29
7547.85
7636.93
7615.63
7621.69
7537.92
7509.84
7682.27
7556.44
7627.40
7603.85
7631.33
7633.91
7765.79
7703.71
7703.81
7737.43
7681.07
7704.40
7712.37
7686.80
7741.29
7701.77
7678.20
7689.57
7632.64
7730.28
7716.74
7788.44
7877.45
7859.17
7778.79
7787.97
7734.20
7722.98
7710.98
7724.55
7700.97
7662.52
7565.75
7567.14
7502.69
7543.20
7520.36
7509.30
7502.21
7421.43
7379.32
7425.40
7398.87
7368.17
7328.92
7317.34
7226.05
7198.20
7264.56
7258.34
7257.14
7266.75
7194.75
7183.64
7199.50
7034.01
7030.46
7056.61
7044.74
7000.14
6888.69
6921.94
6952.59
7038.97
7061.27
7042.93
7164.14
7139.76
7132.69
7138.78
7214.76
7224.51
7203.24
7157.84
7146.75
7115.98
7069.90
7175.64
7231.91
7282.45
7289.58
7244.41
7252.39
7281.57
7246.77
7247.66
7294.70
7234.81
7213.97
7168.01
7177.06
7092.43
7170.69
7279.42
7141.40
7334.98
7443.43
7490.39
7533.55
7587.98
7671.53
7665.54
7615.84
7643.43
7731.83
7715.44
7730.79
7700.96
7725.43
7755.93
7769.14
7778.64
7762.94
7748.51
7731.02
7696.51
7724.22
7695.88
7671.11
7648.10
7687.77
7622.88
7620.68
7592.66
7603.98
7525.22
7544.09
7537.01
7490.57
7448.12
7496.51
7500.41
7453.48
7393.96
7320.75
7348.03
7327.50
7338.97
7300.49
7326.67
7393.56
7460.65
7383.90
7409.64
7417.24
7419.02
7411.34
7389.46
7380.68
7386.94
7372.61
7414.42
7415.18
7432.99
7484.10
7529.72
7513.11
7562.28
7560.35
7555.32
7487.96
7493.08
7487.81
7505.03
7486.50
7447.21
7526.54
7524.45
7523.23
7523.04
7542.87
7516.17
7526.97
7535.44
7556.24
7533.81
7538.27
7507.89
7522.87
7507.99
7467.58
7468.11
7438.84
7372.76
7322.82
7313.51
7285.74
7301.29
7310.64
7263.90
7271.95
7275.25
7253.28
7215.47
7295.39
7379.70
7400.69
7413.59
7377.60
7396.98
7354.13
7372.92
7411.47
7438.50
7430.62
7365.26
7337.43
7401.46
7407.06
7382.65
7381.74
7318.88
7323.98
7387.87
7433.03
7383.85
7353.89
7309.96
7389.94
7498.06
7542.73
7531.94
7511.71
7474.77
7411.43
7423.66
7372.00
7368.37
7443.01
7452.32
7434.82
7377.73
7452.91
7487.87
7430.91
7390.22
7404.13
7378.39
7413.44
7416.93
7329.76
7370.03
7350.92
7337.28
7367.60
7357.23
7377.09
7312.72
7350.32
7387.80
7434.36
7446.80
7424.13
7439.29
7447.79
7472.71
7523.81
7463.54
7419.36
7474.40
7500.44
7511.87
7527.33
7449.98
7478.62
7524.95
7525.76
7547.63
7543.77
7519.95
7526.51
7547.63
7517.71
7514.90
7485.29
7496.34
7470.71
7436.42
7503.47
7522.03
7454.37
7435.39
7386.63
7385.24
7342.21
7300.86
7297.43
7248.10
7234.53
7250.05
7203.94
7237.17
7288.72
7275.64
7264.68
7114.55
7118.54
7114.36
7147.50
7327.59
7348.99
7365.50
7348.94
7349.37
7303.20
7331.68
7321.82
7282.69
7322.92
7369.52
7373.72
7343.42
7293.50
7336.82
7340.71
7324.72
7378.34
7429.81
7424.96
7415.95
7368.64
7357.85
7367.08
7343.08
7314.96
7334.61
7338.99
7350.12
7374.26
7382.35
7382.90
7263.44
7253.00
7243.70
7271.37
7302.25
7274.83
7299.86
7299.96
7277.92
7302.41
7268.56
7278.92
7258.75
7229.50
7188.82
7186.22
7172.15
7188.30
7140.75
7107.65
7099.15
7118.48
7184.49
7161.49
7164.43
7150.34
7151.18
7198.44
7208.44
7247.61
7220.38
7327.13
7337.81
7292.37
7290.49
7275.47
7237.77
7210.05
7195.31
7189.74
7177.89
7142.83
7120.26
7106.08
7068.17
7063.68
7041.42
7043.96
7017.16
7011.64
6999.01
6949.19
6968.57
6890.42
6954.21
6931.55
6902.23
6779.84
6746.83
6730.72
6752.93
6783.79
6772.00
6799.47
6840.75
6829.20
6817.71
6819.72
6777.96
6775.77
6794.71
6749.72
6792.74
6753.18
6730.43
6827.98
6911.84
6843.13
6806.90
6693.26
6790.51
6845.42
6917.14
6954.22
6996.26
6986.57
6958.09
7017.64
6986.40
7020.47
7026.90
7021.92
7000.06
6947.55
7013.55
6977.74
7024.01
7070.88
7097.50
7044.39
6999.96
7033.25
7074.34
6983.52
6899.33
6919.42
6849.38
6807.67
6818.04
6909.43
6911.40
6834.77
6830.79
6813.55
6710.28
6730.30
6673.31
6665.63
6700.90
6776.95
6858.70
6846.58
6826.05
6879.42
6894.60
6745.97
6781.51
6820.79
6838.05
6816.90
6835.78
6868.51
6828.54
6858.95
6868.96
6859.15
6893.92
6941.19
6916.02
6914.71
6866.42
6851.30
6809.13
6793.47
6740.16
6634.40
6645.40
6693.95
6724.43
6721.06
6750.43
6724.03
6710.13
6730.48
6699.89
6728.99
6697.37
6695.42
6669.24
6654.47
6670.40
6680.69
6682.86
6590.64
6533.79
6463.59
6545.37
6522.26
6577.83
6504.33
6360.06
6140.39
5982.20
6138.69
6338.10
6261.19
6226.55
6204.00
6021.09
5950.48
5966.80
5923.53
6044.97
6115.76
6231.89
6301.52
6284.53
6273.40
6209.63
6185.61
6191.93
6230.79
6270.79
6265.65
6262.85
6219.26
6136.43
6156.32
6053.35
6165.80
6167.77
6151.40
6138.50
6104.19
6162.49
6156.65
6114.81
6125.70
6117.25
6112.02
6185.59
6241.89
6322.40
6319.91
6284.52
6260.92
6310.44
6381.44
6410.26
6405.35
6353.52
6343.75
6365.10
6362.89
6242.39
6200.12
6204.41
6136.89
6161.63
6091.23
6164.72
6146.05
6174.90
6203.17
6105.90
6106.48
6199.11
6192.74
6184.58
6189.64
6201.12
6175.49
6139.97
6174.57
6139.79
6036.70
6146.32
6125.44
6182.40
6199.43
6130.46
6147.06
6152.88
6097.09
6096.01
6012.81
5867.18
5962.31
6037.73
5950.23
5971.95
6030.32
5862.17
5824.28
5707.60
5536.97
5672.30
5632.19
5689.36
5848.06
5898.76
5837.14
5922.01
6060.10
6083.79
5931.78
5990.37
5911.46
5877.00
5900.01
5773.79
5673.58
5876.80
5779.92
5804.10
5918.23
5960.97
5929.24
5871.83
5912.44
5954.08
6073.38
6137.24
6093.43
6242.32
6274.05
6314.57
6254.64
6240.98
6083.10
6034.84
6052.42
6102.54
6061.19
6017.79
5874.06
5952.78
6088.05
6126.68
6135.22
6223.52
6238.29
6275.00
6420.93
6395.65
6356.09
6375.15
6393.13
6337.64
6277.23
6305.49
6334.63
6329.93
6278.97
6268.76
6146.38
6118.28
6178.68
6297.20
6275.28
6295.16
6353.83
6364.90
6412.88
6383.61
6361.80
6361.09
6395.80
6437.80
6365.27
6417.02
6444.08
6376.28
6348.42
6345.13
6352.33
6378.04
6338.67
6269.61
6342.28
6371.18
6416.16
6374.82
6336.35
6326.16
6298.92
6129.98
6072.47
6061.61
5909.24
5958.86
6109.01
5961.49
6032.24
5935.84
6108.71
6104.11
6186.99
6229.21
6137.60
6084.59
6117.76
6155.81
6229.01
6146.10
6074.52
6042.92
6194.10
6083.31
6058.54
6247.94
6192.03
5979.20
6081.34
5898.87
6187.65
6367.89
6403.45
6526.29
6550.30
6550.74
6568.33
6571.19
6664.54
6736.22
6718.49
6747.09
6752.41
6686.57
6688.62
6696.28
6668.87
6631.00
6555.28
6505.13
6579.81
6655.01
6667.34
6769.07
6788.69
6775.08
6796.45
6753.75
6753.75
6737.95
6673.38
6581.63
6490.70
6432.21
6535.68
6585.78
6630.47
6608.59
6520.98
6620.48
6753.70
6807.82
6844.80
6834.87
6825.67
6710.45
6707.88
6680.55
6710.10
6710.52
6784.92
6846.74
6830.27
6753.80
6790.04
6804.60
6859.24
6950.46
6928.27
6953.58
6984.43
7040.92
7033.33
6948.99
7031.72
7013.47
7007.26
6995.10
6968.87
6960.49
6973.04
6949.63
6933.80
7029.85
7046.82
6886.95
6933.74
6927.58
6985.95
6960.63
6946.28
7030.53
7103.98
7070.70
7053.67
7028.24
7062.93
7052.13
6994.63
7060.45
7096.78
7075.26
7064.30
7089.77
7015.36
6937.41
6961.77
6833.46
6809.50
6773.04
6891.43
6855.02
6895.33
6990.97
7019.68
7037.67
7022.51
6962.32
