24380.00
24006.45
24145.34
24435.40
24300.33
23970.37
24253.29
23749.12
23236.11
23280.06
23085.79
23603.48
23175.11
23484.28
23352.34
23527.19
22663.49
21696.13
22805.07
21709.13
22291.82
23263.73
23063.57
24032.91
24309.07
25231.61
25392.51
25040.46
26146.67
26767.87
26222.07
26284.82
26291.68
26129.93
26778.62
26696.49
26893.23
26820.88
27308.81
27609.16
27655.81
27530.20
27959.60
27815.60
27730.00
27823.66
27583.88
27241.34
27404.27
27493.70
26786.74
26675.98
26356.98
26312.63
26449.13
27160.63
27949.64
27909.12
28341.04
27985.33
28795.91
29056.42
28883.04
28773.59
28885.14
28954.94
28638.20
28561.00
28087.92
28322.06
28226.19
28451.50
28543.52
28189.75
28319.39
28225.42
27864.21
27906.41
27871.35
27800.49
27884.21
27843.71
27508.09
27687.76
26994.14
26645.43
26436.62
26494.73
26498.37
26217.04
26062.56
26391.30
26444.72
26346.49
26893.73
26954.00
26913.92
26993.04
26595.08
26466.88
26889.61
27093.80
26681.09
26326.66
26323.69
26571.46
27065.28
26926.55
27651.14
27847.23
27688.64
27683.40
27547.30
27100.76
26906.72
26667.71
26786.76
26891.26
26667.39
26797.95
26566.73
26786.20
26725.68
26719.58
26848.49
26664.28
26503.93
26521.85
26308.44
25707.93
25682.81
25893.40
25821.03
26110.31
26042.69
26092.27
25954.81
26041.93
25945.35
26281.00
26222.40
26435.67
26468.95
26754.12
26790.24
27124.55
27352.69
27087.63
27159.06
26683.68
26681.40
26690.76
26515.53
26523.23
25527.85
25626.55
25724.73
25703.50
25615.48
25664.07
25680.33
26179.33
26048.72
26270.04
26231.54
26291.84
25734.22
25495.46
25302.28
25281.30
25824.72
25939.30
26120.77
25997.03
25976.24
26151.32
26918.58
27565.70
27777.75
28146.50
28106.41
28397.74
28594.30
28524.04
28466.48
28371.26
28765.40
28461.66
28593.17
28619.62
28554.88
28471.62
28431.80
28204.69
28116.28
28331.69
28774.83
28795.77
28855.14
28875.56
28542.62
28621.42
28221.98
28185.98
28513.00
28473.71
28550.43
28202.14
27498.77
27227.16
27118.35
27294.71
27308.46
27789.34
27578.64
26965.28
26895.44
26761.52
26893.86
26901.09
27114.88
27235.71
27390.81
27288.09
27353.93
27267.13
27705.94
27657.24
27787.61
27946.46
28275.07
28268.71
28122.02
28550.24
28311.07
29003.20
29363.02
29209.82
30081.55
29944.18
29699.11
29892.81
29605.01
29549.80
29805.83
29963.24
29963.26
30124.68
30129.87
29810.72
29909.76
29839.45
30119.56
30157.49
30077.15
29936.32
29986.39
29624.67
29562.02
29051.36
28775.21
28728.25
28566.91
28523.35
29113.36
29071.56
29320.97
29466.28
29409.01
29012.26
28851.39
28807.45
28920.87
28503.30
28228.42
28779.45
29037.60
28961.60
28959.59
28812.17
28633.18
28757.44
28772.06
28959.30
28816.30
28629.92
28514.05
28228.13
28347.01
27900.84
28432.05
28497.59
28171.33
28143.84
27946.32
27990.21
27930.74
27942.47
27642.85
27531.68
27576.96
27569.19
27120.98
27008.20
27005.45
27196.54
27090.81
26755.63
26902.10
26830.29
26298.33
26667.27
26521.43
26462.32
25875.45
25835.70
25626.03
25064.36
25130.35
25845.70
25504.20
25478.88
25651.38
25753.42
25623.53
25865.39
25814.25
26087.98
26094.79
26524.35
26186.71
25771.67
25752.38
26063.76
26156.38
26819.68
27260.44
27182.04
26506.75
26451.03
26682.56
26331.96
26376.18
25927.68
26019.41
25971.47
25840.34
26372.00
26183.53
26103.34
25654.43
25792.87
25633.18
25601.92
26227.72
26147.69
26120.96
25934.39
26486.35
25416.00
24979.69
24585.53
24812.04
24717.63
24994.46
25249.78
25346.55
26153.15
25561.40
25454.55
25462.26
25445.06
25801.49
25266.37
26193.07
26172.91
26202.57
26572.57
26623.87
27091.26
27126.38
27788.52
27715.67
27816.87
27499.39
27953.58
27477.67
27407.37
27084.66
26932.85
27286.41
27014.49
26345.04
26422.55
26613.42
26973.47
26974.82
27243.85
27973.34
27712.54
27888.55
28164.05
28416.44
28351.62
28271.27
27671.87
27790.46
27927.58
27752.79
27598.02
27213.41
27100.06
27323.59
27752.93
27936.57
28366.62
28607.30
28359.14
28248.88
27819.56
27676.32
27714.56
28340.74
28583.01
28733.13
28804.28
28781.14
28920.90
28662.57
28256.12
28224.48
28010.86
28117.42
28181.68
28539.66
28525.44
28480.83
28311.69
28682.25
28688.50
28315.62
28182.09
28241.67
28545.57
28955.11
28497.32
28356.26
28881.40
28961.39
29338.70
29296.05
29696.17
29468.15
30309.49
30440.17
30725.15
31103.06
31063.70
30958.21
31512.63
31259.10
31093.45
30997.98
30492.91
30468.56
30056.79
30484.58
30792.26
30588.04
30760.41
30665.64
31234.35
31047.91
30942.15
31110.20
31152.03
31541.08
31122.06
30809.22
30536.14
30402.81
29994.26
29926.50
30313.37
30723.88
30808.45
30280.67
30007.68
30328.15
30636.24
30254.40
30418.33
30708.44
30284.25
30062.75
30315.59
30808.38
30831.28
30897.71
30728.74
30229.58
29844.94
29518.69
30180.10
30093.38
30022.53
30790.83
30548.77
30309.29
31071.05
31414.52
31549.93
31513.76
31501.97
31541.10
31435.01
31601.45
31594.33
30996.21
30654.52
30196.92
30510.73
29886.39
30583.45
31044.25
30844.72
31268.66
31498.60
31267.17
30965.68
31431.89
30873.63
31115.43
30515.60
29839.53
29459.63
29507.42
30451.27
30323.20
30595.42
32245.22
32601.78
32642.09
32887.27
32607.29
32966.89
33154.12
32654.45
32958.69
32930.70
32393.41
32254.89
32121.94
31983.41
31904.75
31338.87
31412.54
31120.39
31073.72
31011.41
30899.53
30814.64
30736.48
30560.95
30515.31
29919.15
29863.71
29597.66
29578.01
29367.06
29234.09
29253.66
29050.41
28848.11
29166.38
29222.10
28793.88
28965.29
28639.85
28303.19
28224.80
28842.80
29138.28
29074.24
29177.35
29623.83
29680.85
29686.19
29866.32
29707.94
30003.49
29818.07
29260.31
29199.04
29018.76
28851.69
29152.12
29182.18
29120.92
29136.57
28907.60
28994.34
28596.80
28603.61
28518.64
28594.06
28245.54
28336.19
28438.85
28202.38
28302.89
28154.97
28305.88
28487.24
28159.09
28711.76
28697.49
28692.80
28476.43
28459.03
28389.57
28490.83
28326.59
28458.04
28379.18
28173.21
27554.30
27421.60
27642.43
27513.01
27500.34
27880.53
28110.33
28127.80
28051.41
28159.77
27807.59
27777.20
27894.08
27972.24
27955.13
27668.47
27522.92
27613.76
27741.35
27740.26
27953.16
27970.30
28094.61
27765.01
27863.29
27848.16
27518.60
27506.00
27401.67
27154.68
27047.57
27344.22
27409.07
27174.96
27250.23
26883.51
27444.00
27757.09
27854.91
27690.36
27562.68
27531.01
27607.38
27540.23
27323.99
26979.39
27131.17
26941.02
26852.05
26846.83
26706.09
26740.21
26672.16
26524.94
26470.58
26389.23
26346.17
26043.64
25877.64
25500.06
25340.85
25465.22
25521.97
25389.01
25784.17
25764.58
25965.42
25683.50
25839.99
25871.89
25670.05
25674.53
25694.58
25843.04
25924.55
25626.49
25565.34
25875.90
25852.10
25708.04
26030.29
26063.06
25974.16
25997.14
25862.99
25924.05
25809.22
25660.65
25701.63
25639.27
25630.78
25428.50
25403.15
25391.34
25174.87
25136.52
25293.63
25335.94
25371.59
25156.34
25125.55
25015.42
24889.03
24577.91
24476.35
24683.88
24696.13
24615.13
24698.48
24578.43
24455.94
24139.48
24042.02
24056.98
23825.88
23924.54
24261.66
24313.50
24088.46
24262.18
24267.30
24273.72
24400.80
24261.48
24111.59
24301.09
24392.05
24345.87
24193.70
24358.27
24327.70
24320.41
24593.12
24501.99
24309.93
24288.28
23792.85
23827.95
23829.67
23568.67
23501.56
23782.27
23681.07
23596.28
23552.72
23728.07
23776.49
23740.73
23925.05
23965.70
24114.86
24201.96
23963.63
24146.08
24033.74
24107.70
23994.87
23703.01
23710.98
23574.98
23525.14
23485.13
23331.57
23348.24
23129.21
23184.52
23318.39
23360.78
23374.17
23049.12
22949.86
22898.52
22885.91
23049.96
23098.26
22840.97
22718.15
22937.38
22829.02
22935.35
22744.85
22558.69
22503.01
22456.69
22134.47
22150.40
22000.56
21790.91
21754.74
21574.76
21636.20
21809.80
21729.06
21832.68
22020.75
22059.40
22456.62
22446.70
22433.02
22760.98
22861.84
22800.92
22675.15
22505.55
22564.82
22878.23
22789.77
22737.07
22830.57
22723.45
22608.49
22676.69
22678.07
22357.78
22344.21
22262.88
22280.53
22323.91
22222.22
22531.09
22839.11
22415.19
22909.47
22801.40
22642.62
22683.51
22810.50
23147.07
22934.54
22954.81
23132.35
23325.43
23565.11
23604.08
23374.40
23304.97
23394.39
23037.54
23233.31
23031.30
23407.05
23549.52
23851.82
23952.50
23788.31
23689.44
23584.43
23297.15
23739.47
23619.65
23571.90
23317.92
23686.48
23759.80
23669.90
23530.86
23550.45
23335.59
23190.64
23215.76
23290.60
24099.70
23919.34
23741.81
23787.68
23649.55
23266.70
23162.34
22976.88
23016.11
22821.34
22909.54
22814.95
22820.78
22998.93
22997.91
22937.22
23023.16
22799.78
22910.84
22932.51
22766.91
22580.55
22492.43
22465.61
22494.76
22146.09
21832.23
21739.12
22129.14
21891.37
22174.34
22218.99
22129.73
21993.44
21964.27
22000.49
21882.48
21673.20
21803.18
21659.25
21561.06
21322.37
21224.74
20880.50
20564.17
20706.92
20495.29
20750.72
21059.20
20794.37
20436.12
20172.46
20227.30
20259.13
20868.34
20795.12
20668.44
20510.20
20169.98
20038.42
20467.52
20387.53
20512.99
21042.64
21297.88
21328.24
21030.22
20947.24
20859.22
20760.98
20815.09
20629.39
20576.77
20397.11
20368.05
19830.43
19809.03
19852.20
19694.33
19826.41
20118.80
19883.95
19719.29
19915.46
20055.29
20242.68
20156.81
20109.87
20449.82
20525.83
20676.94
21067.05
21388.03
21361.60
21407.27
21304.44
21467.04
21622.25
21236.31
21436.21
21161.50
21316.47
21337.81
21158.71
20504.44
20440.81
20370.40
20266.05
20206.67
20177.00
20498.92
20776.70
20803.39
20366.30
20345.61
20615.23
20666.75
20684.15
20671.63
20503.81
20257.70
20288.77
20435.34
20199.60
19984.42
19996.26
20011.58
20159.72
20176.70
19941.76
20003.49
19407.46
19111.93
19364.15
18888.75
19192.45
19414.78
19464.09
19285.50
19363.08
18924.57
19122.08
18918.14
18319.58
18545.80
19288.17
19183.09
18991.59
19446.84
19595.50
19683.11
19195.83
19052.45
18860.80
19340.14
19080.51
18542.15
18886.30
19635.81
19237.45
19520.77
19817.41
19934.88
19711.76
19888.50
20453.71
20333.34
20980.81
21188.72
21327.12
21914.40
21882.15
21999.62
21919.62
22138.13
22040.59
21830.02
21791.68
21755.56
21872.06
21701.21
21274.37
21309.85
21464.05
21704.61
21803.76
21905.13
22203.22
22235.89
22417.01
22479.69
22381.35
21996.42
22068.32
22488.94
22498.00
22587.63
22665.90
22754.72
22500.22
22188.26
22264.25
22010.82
22396.14
22888.92
22352.17
22401.70
22726.77
22867.33
23051.04
23053.57
22568.43
22370.04
22640.04
22819.94
22956.57
23142.73
23116.25
23151.94
22845.37
22989.22
23075.61
23067.37
22888.17
22439.91
22600.46
22730.93
22458.80
22354.91
22515.76
21831.62
21854.50
21506.09
20846.30
20556.60
21186.32
21095.98
21302.91
21796.58
21756.93
21920.83
21854.63
21966.66
21455.23
21561.90
21504.37
21562.50
22131.31
21259.04
20583.52
20840.61
20934.94
21185.43
21670.58
21612.39
21838.54
21080.39
21404.96
21251.57
22409.62
22757.47
23167.85
23474.97
23814.65
23991.03
24018.80
23916.02
24498.21
24521.12
24552.47
24375.28
24514.16
24406.12
24411.42
24636.28
24497.98
24619.45
24503.94
24351.96
25128.51
25398.85
25282.62
25536.43
25404.81
25415.27
25162.78
25055.76
25120.91
25224.01
24901.28
24392.79
23516.56
24975.31
25236.28
26064.11
26282.32
26250.03
25966.98
26663.87
27145.75
27404.97
27333.46
27080.85
26760.53
26694.66
26753.79
26566.70
26861.81
27280.54
26907.85
26687.64
26989.52
27316.28
27260.16
27551.89
27657.47
27466.72
27597.16
27424.19
27454.31
28081.21
28249.86
27992.83
27523.72
27585.05
27693.54
27591.25
27822.28
27286.55
27249.28
27407.18
27718.20
27577.34
27289.97
27640.91
27755.54
28123.82
28133.00
28400.34
28442.75
28433.59
28060.98
27827.70
27933.85
27850.49
27094.93
27653.12
27739.71
27618.82
27561.49
28016.34
27272.39
26944.39
26236.86
25275.64
25082.75
24900.89
24855.12
24486.20
24497.08
24528.23
24399.60
24494.51
24375.24
24468.89
