1407.34
1386.53
1387.79
1371.66
1356.03
1357.50
1369.76
1361.39
1369.92
1341.69
1330.65
1330.90
1322.66
1350.89
1328.88
1343.09
1328.09
1324.50
1291.14
1259.88
1303.28
1219.72
1239.01
1256.58
1280.63
1344.75
1419.43
1443.83
1430.47
1424.16
1483.10
1491.03
1489.95
1478.64
1466.94
1482.64
1505.59
1495.19
1500.88
1490.06
1531.20
1534.98
1534.16
1537.08
1537.12
1544.46
1539.16
1542.94
1551.48
1542.80
1554.49
1552.77
1536.79
1535.80
1521.95
1531.06
1545.59
1550.47
1551.64
1572.81
1574.44
1577.98
1587.33
1588.88
1595.81
1587.88
1585.14
1580.60
1584.73
1591.46
1595.65
1589.10
1611.04
1597.76
1611.38
1602.50
1588.76
1615.67
1610.61
1603.55
1604.23
1614.18
1610.18
1596.01
1599.11
1576.95
1569.35
1571.16
1567.34
1563.19
1561.79
1562.71
1568.44
1563.58
1560.93
1562.27
1570.55
1561.74
1583.77
1587.18
1583.87
1591.35
1596.84
1592.19
1601.14
1605.31
1604.36
1594.75
1593.55
1597.22
1609.73
1608.15
1609.73
1609.33
1603.25
1606.74
1603.56
1593.34
1597.98
1580.00
1577.79
1570.00
1571.11
1568.79
1574.09
1570.93
1571.15
1574.50
1574.90
1566.23
1567.59
1556.84
1551.87
1551.23
1558.79
1559.00
1557.67
1564.12
1574.90
1589.44
1583.91
1584.14
1593.00
1589.58
1592.33
1592.93
1597.41
1596.28
1599.49
1604.30
1601.25
1601.00
1602.30
1595.85
1604.47
1599.75
1599.89
1591.52
1612.14
1595.18
1589.82
1590.84
1600.53
1609.33
1602.47
1594.59
1602.75
1596.45
1599.22
1600.29
1600.31
1592.88
1615.05
1616.02
1604.70
1611.79
1610.41
1626.76
1639.07
1634.87
1642.69
1647.96
1656.58
1652.41
1655.67
1655.40
1658.19
1648.93
1657.53
1668.94
1672.37
1669.45
1679.26
1678.97
1682.87
1677.64
1682.53
1687.48
1690.05
1691.00
1683.62
1672.13
1672.70
1674.49
1676.61
1676.13
1682.23
1675.43
1666.54
1652.76
1638.40
1638.63
1643.74
1650.74
1651.20
1655.47
1649.33
1644.09
1655.31
1650.76
1636.50
1623.67
1614.57
1601.35
1598.32
1601.87
1603.74
1605.36
1599.19
1611.43
1599.19
1601.09
1610.27
1618.53
1633.55
1639.37
1632.80
1637.30
1632.24
1642.29
1637.40
1638.38
1635.68
1638.01
1627.44
1622.06
1622.07
1619.73
1620.90
1629.46
1631.33
1630.17
1624.23
1639.46
1641.94
1644.35
1641.81
1645.07
1643.21
1632.83
1628.66
1643.63
1641.33
1642.73
1649.94
1649.15
1666.66
1663.66
1684.21
1687.68
1690.94
1680.54
1674.52
1678.24
1671.28
1664.63
1679.90
1686.95
1686.82
1685.62
1693.99
1700.76
1707.73
1713.45
1719.00
1724.58
1721.42
1730.68
1726.18
1706.56
1692.74
1688.83
1689.06
1685.30
1687.41
1688.56
1686.52
1693.39
1683.61
1683.53
1684.11
1690.41
1697.50
1701.03
1693.59
1688.14
1702.12
1692.22
1682.97
1673.08
1679.42
1676.16
1683.22
1678.88
1667.83
1672.76
1679.17
1669.78
1675.83
1668.11
1690.58
1692.07
1690.72
1672.60
1683.82
1670.28
1650.56
1655.66
1635.31
1641.62
1661.96
1676.00
1663.27
1652.63
1663.31
1680.54
1683.34
1688.27
1694.99
1699.72
1679.86
1696.34
1686.55
1684.97
1701.99
1695.88
1695.62
1695.37
1710.71
1706.38
1694.21
1688.41
1687.57
1696.14
1708.09
1721.42
1714.88
1708.80
1713.87
1706.92
1709.27
1685.94
1683.73
1683.06
1686.59
1690.04
1697.60
1722.47
1732.14
1738.01
1740.59
1736.84
1728.74
1730.74
1708.49
1735.18
1774.15
1775.75
1777.15
1790.11
1796.30
1798.15
1792.46
1793.15
1798.64
1798.72
1794.47
1800.17
1810.64
1803.70
1800.71
1792.94
1803.76
1792.60
1785.25
1799.17
1798.57
1795.50
1812.76
1813.58
1819.66
1820.64
1826.90
1811.60
1808.59
1810.87
1798.11
1787.58
1783.47
1777.27
1785.94
1783.78
1783.34
1805.75
1804.95
1804.73
1791.09
1779.75
1780.09
1778.13
1788.31
1784.25
1770.26
1769.14
1766.23
1763.78
1762.93
1757.96
1754.67
1759.24
1753.07
1737.28
1726.67
1721.93
1703.57
1688.77
1687.13
1672.63
1663.86
1690.65
1688.45
1680.37
1685.05
1691.50
1665.68
1666.08
1675.86
1678.10
1694.15
1692.32
1709.75
1715.36
1743.43
1761.78
1763.57
1764.16
1775.80
1778.32
1785.81
1777.13
1755.14
1755.17
1756.38
1740.62
1719.28
1775.84
1797.40
1775.66
1804.25
1845.03
1853.58
1854.50
1854.44
1858.26
1848.20
1850.42
1846.51
1828.20
1841.83
1851.80
1852.03
1870.37
1863.47
1852.27
1851.93
1865.34
1880.36
1887.75
1895.18
1879.32
1880.49
1878.76
1868.47
1873.62
1869.89
1860.98
1849.71
1837.01
1836.13
1815.94
1850.78
1858.35
1863.46
1856.35
1857.87
1862.45
1859.91
1865.22
1876.87
1865.80
1856.39
1847.94
1846.39
1845.27
1857.06
1864.03
1861.22
1843.92
1839.62
1837.90
1848.37
1842.62
1856.07
1860.86
1856.20
1871.46
1860.08
1861.50
1855.07
1858.17
1855.99
1857.32
1838.28
1834.93
1833.02
1830.17
1819.82
1839.44
1836.68
1812.45
1853.07
1870.48
1868.58
1870.52
1853.92
1845.86
1837.04
1838.04
1833.15
1828.83
1821.60
1828.63
1826.03
1825.91
1822.67
1816.88
1822.92
1826.95
1832.15
1817.97
1803.45
1792.79
1782.70
1796.81
1779.10
1771.76
1759.99
1760.24
1751.21
1746.63
1736.95
1751.64
1753.07
1759.00
1737.66
1729.57
1719.47
1721.25
1719.05
1718.33
1724.84
1713.13
1717.86
1720.38
1714.42
1719.86
1717.23
1721.27
1723.54
1720.68
1718.36
1721.66
1718.11
1722.99
1733.61
1737.49
1742.28
1746.81
1744.20
1750.94
1742.29
1740.93
1741.05
1743.93
1747.92
1748.35
1746.13
1736.80
1739.05
1736.14
1741.47
1740.65
1743.99
1748.99
1754.37
1755.32
1754.00
1757.21
1761.13
1764.03
1764.00
1759.09
1761.84
1759.67
1754.78
1755.58
1758.06
1764.24
1765.59
1769.14
1771.04
1773.58
1776.66
1783.66
1786.33
1781.37
1786.07
1789.86
1782.74
1779.90
1782.98
1772.48
1769.63
1773.16
1761.14
1769.49
1769.17
1775.50
1772.94
1774.22
1771.62
1776.22
1776.31
1773.75
1772.39
1771.08
1766.96
1777.77
1777.94
1781.65
1777.91
1774.53
1771.90
1770.61
1765.13
1760.03
1767.08
1770.07
1766.00
1763.34
1761.99
1759.16
1755.63
1757.27
1754.92
1755.19
1755.00
1753.78
1757.24
1755.03
1757.13
1759.93
1770.53
1768.16
1762.08
1768.67
1763.67
1771.36
1771.23
1779.45
1777.43
1775.57
1780.71
1788.90
1791.31
1790.01
1792.35
1784.44
1788.89
1785.57
1785.92
1791.01
1787.95
1776.95
1763.11
1765.87
1765.34
1764.89
1772.30
1773.96
1771.01
1767.17
1774.95
1768.28
1767.17
1775.65
1778.15
1778.65
1775.87
1775.39
1766.56
1768.15
1762.74
1758.67
1772.51
1778.47
1768.06
1767.92
1768.92
1765.80
1756.05
1741.61
1738.95
1740.60
1733.93
1730.99
1738.18
1744.08
1735.84
1739.52
1741.72
1739.56
1744.67
1747.19
1745.49
1740.09
1749.25
1750.41
1754.42
1744.95
1745.75
1747.00
1748.30
1754.67
1749.41
1745.20
1737.14
1717.36
1722.47
1721.92
1717.58
1717.42
1725.54
1728.66
1727.36
1708.38
1715.67
1697.69
1693.77
1693.84
1698.35
1704.48
1708.08
1706.55
1712.58
1707.68
1707.59
1709.79
1708.90
1710.24
1698.94
1688.50
1688.84
1691.24
1685.01
1673.48
1671.54
1686.36
1692.22
1683.93
1680.69
1671.31
1664.89
1666.51
1665.02
1663.03
1658.84
1672.50
1677.76
1675.21
1672.05
1667.90
1675.49
1659.82
1647.47
1635.53
1641.73
1637.93
1630.30
1619.68
1617.15
1623.20
1629.59
1634.52
1634.30
1637.79
1636.99
1643.29
1645.28
1641.42
1643.75
1632.47
1629.73
1624.97
1628.96
1626.44
1619.12
1626.93
1628.66
1627.26
1624.21
1630.38
1629.32
1627.28
1623.80
1626.77
1627.63
1630.56
1616.64
1634.19
1652.74
1647.62
1663.82
1650.59
1648.24
1648.08
1659.60
1670.93
1672.46
1670.27
1669.03
1673.92
1677.43
1677.76
1669.98
1667.18
1668.27
1667.57
1653.71
1658.97
1665.02
1667.03
1668.72
1665.32
1665.38
1666.73
1662.92
1661.25
1652.55
1669.64
1664.96
1664.72
1669.50
1670.99
1669.66
1658.73
1655.78
1651.71
1652.99
1661.39
1677.18
1686.44
1691.38
1689.57
1689.92
1678.08
1671.79
1670.55
1678.06
1681.60
1683.09
1680.30
1682.06
1683.07
1691.07
1687.68
1694.87
1694.32
1699.89
1690.33
1684.15
1678.80
1673.03
1671.71
1672.68
1664.04
1655.29
1648.50
1660.23
1665.23
1653.26
1658.50
1663.56
1661.42
1668.26
1657.42
1657.54
1669.61
1670.55
1670.84
1668.40
1654.78
1660.39
1653.97
1653.87
1644.54
1650.71
1654.84
1646.22
1654.08
1642.21
1634.04
1629.52
1634.05
1639.98
1637.69
1634.23
1624.18
1614.90
1627.96
1626.11
1629.77
1641.22
1650.51
1657.85
1660.62
1648.99
1636.46
1630.53
1626.50
1626.00
1629.87
1637.19
1631.09
1630.96
1625.84
1634.89
1628.79
1633.76
1635.72
1633.39
1621.21
1628.26
1648.98
1644.58
1635.84
1632.19
1649.36
1645.09
1657.58
1651.44
1672.72
1674.76
1692.34
1692.50
1714.51
1717.96
1721.47
1708.91
1711.15
1717.68
1727.99
1723.78
1723.11
1715.00
1715.28
1718.40
1724.29
1717.01
1718.08
1725.24
1710.55
1717.58
1717.82
1715.04
1702.41
1703.79
1715.53
1724.55
1724.75
1718.36
1716.34
1703.19
1693.43
1690.92
1700.31
1696.54
1690.91
1686.35
1687.86
1697.93
1692.49
1688.20
1691.03
1670.82
1654.75
1663.44
1658.16
1664.17
1677.28
1674.59
1674.88
1680.02
1664.32
1664.99
1649.96
1643.74
1643.95
1644.41
1662.46
1656.77
1633.30
1653.18
1667.80
1634.53
1631.54
1626.66
1625.21
1625.21
1600.92
1618.83
1629.22
1622.64
1628.55
1633.44
1642.54
1641.37
1637.59
1657.61
1655.13
1667.97
1665.70
1653.37
1692.51
1693.14
1685.36
1670.73
1663.51
1643.26
1629.09
1643.90
1656.52
1634.13
1622.84
1629.96
1640.14
1648.65
1659.36
1669.24
1672.00
1667.87
1673.92
1676.77
1682.37
1672.16
1682.59
1683.09
1684.42
1677.03
1670.90
1661.89
1660.06
1656.50
1661.53
1656.00
1658.91
1663.20
1665.32
1686.11
1685.70
1688.54
1685.62
1677.56
1664.07
1665.71
1666.98
1686.51
1696.95
1706.79
1710.93
1705.09
1707.11
1705.03
1718.20
1716.82
1713.25
1711.14
1709.86
1706.54
1692.20
1689.25
1662.51
1647.59
1628.80
1633.93
1621.04
1603.32
1608.43
1615.01
1613.17
1635.37
1639.47
1669.45
1681.54
1647.15
1639.63
1603.60
1614.02
1603.36
1587.12
1582.85
1589.16
1602.75
1590.19
1609.21
1612.74
1601.70
1580.37
1563.94
1532.14
1574.67
1577.41
1582.44
1579.60
1572.54
1596.82
1621.62
1609.93
1636.71
1654.37
1682.65
1694.64
1725.56
1723.73
1744.19
1723.14
1699.92
1698.99
1699.70
1709.76
1720.76
1722.44
1729.53
1736.19
1724.13
1726.73
1727.26
1721.10
1716.11
1715.58
1701.54
1695.83
1712.30
1717.05
1734.24
1733.88
1727.96
1706.64
1691.92
1710.47
1716.81
1731.68
1726.86
1732.76
1721.77
1718.12
1726.86
1722.24
1722.16
1734.37
1734.76
1735.63
1729.05
1739.45
1745.33
1741.48
1749.17
1741.37
1743.41
1747.52
1755.56
1755.05
1764.07
1767.38
1787.50
1795.04
1810.11
1809.72
1823.50
1811.92
1807.55
1803.02
1798.61
1805.49
1807.65
1805.10
1820.97
1827.42
1818.27
1842.93
1855.06
1859.58
1862.58
1846.08
1854.77
1862.80
1848.66
1845.86
