1914.53
1857.07
1857.08
1825.76
1860.70
1836.21
1807.14
1823.60
1791.88
1725.44
1724.86
1685.46
1754.64
1717.12
1717.73
1686.24
1704.76
1609.97
1482.46
1566.15
1457.64
1591.20
1672.44
1714.86
1771.44
1834.33
1908.27
1962.93
1954.77
2040.22
2085.26
2059.33
2014.15
2002.51
1987.01
2054.89
2076.77
2103.61
2079.04
2162.84
2195.50
2210.34
2208.88
2242.17
2243.59
2232.96
2238.38
2223.12
2201.07
2211.95
2227.94
2165.63
2157.90
2118.88
2119.01
2148.00
2185.28
2176.72
2246.13
2267.25
2239.69
2262.64
2250.57
2248.05
2230.98
2238.88
2229.26
2206.39
2186.45
2151.31
2175.54
2155.07
2176.46
2175.17
2197.67
2204.21
2197.93
2190.08
2203.71
2204.18
2196.56
2194.76
2195.68
2168.15
2170.25
2137.35
2105.62
2098.00
2088.65
2081.85
2060.74
2068.89
2084.07
2091.92
2087.96
2118.60
2127.85
2121.35
2123.50
2101.96
2096.60
2125.32
2153.24
2160.69
2162.18
2139.23
2122.45
2140.92
2124.09
2137.23
2144.29
2144.15
2142.64
2130.24
2100.20
2083.48
2080.27
2092.69
2093.60
2087.89
2085.66
2080.62
2088.86
2064.84
2060.69
2077.94
2082.83
2068.17
2067.40
2044.61
2028.15
2046.25
2021.73
2020.69
2031.91
2072.42
2063.05
2049.93
2074.52
2073.39
2101.04
2091.70
2091.52
2080.35
2070.73
2062.33
2062.22
2049.20
2032.08
2019.55
2009.13
2004.75
1988.53
1965.69
1969.19
1967.79
1933.41
1941.09
1924.60
1916.31
1948.30
1951.01
1964.65
1960.25
1939.90
1927.17
1938.37
1925.83
1942.29
1937.75
1920.61
1909.71
1917.50
1946.98
1998.13
2017.34
2024.55
2038.68
2029.48
2066.26
2074.48
2082.30
2101.45
2093.34
2094.36
2066.55
2072.92
2091.87
2082.48
2086.66
2080.58
2058.78
2052.03
2064.17
2110.59
2108.73
2096.02
2122.02
2129.74
2130.62
2134.32
2121.85
2121.64
2126.33
2125.62
2131.29
2124.78
2098.71
2090.73
2095.41
2103.15
2108.75
2111.81
2099.49
2072.33
2069.11
2066.97
2067.85
2041.74
2038.80
2023.32
2048.83
2044.21
2045.31
2059.59
2064.86
2061.25
2055.71
2055.80
2067.69
2092.78
2081.84
2079.01
2108.04
2102.01
2168.01
2176.99
2196.32
2212.75
2203.59
2216.43
2179.31
2190.50
2201.03
2220.51
2216.65
2216.15
2213.77
2245.89
2248.63
2242.88
2233.45
2224.44
2224.39
2213.56
2210.60
2209.61
2206.53
2203.27
2177.18
2168.28
2140.67
2128.10
2145.62
2148.80
2144.86
2186.95
2184.88
2177.10
2177.62
2179.49
2176.11
2155.68
2148.41
2157.18
2138.10
2137.44
2165.79
2175.60
2179.23
2190.66
2195.44
2234.79
2226.60
2232.56
2230.50
2228.66
2229.76
2205.63
2210.89
2196.09
2225.85
2201.48
2190.47
2180.73
2177.05
2203.42
2203.46
2204.85
2206.20
2183.36
2177.30
2177.73
2145.03
2127.78
2117.77
2124.61
2124.28
2107.06
2106.10
2097.18
2064.52
2075.57
2063.28
2064.71
2025.27
2037.10
2010.25
1993.70
2010.00
2041.04
2028.44
2028.01
2055.01
2061.49
2060.12
2078.84
2062.11
2071.09
2069.38
2095.55
2082.57
2052.97
2053.79
2075.76
2068.69
2101.31
2114.35
2131.93
2096.86
2114.10
2108.22
2099.42
2083.02
2057.48
2069.95
2076.55
2082.58
2100.56
2092.40
2088.06
2068.05
2071.23
2080.44
2086.09
2092.63
2078.69
2089.62
2076.92
2096.00
2024.46
2029.69
2014.69
1996.05
2027.15
2063.30
2097.58
2106.10
2161.71
2156.26
2148.31
2167.51
2145.12
2145.12
2161.85
2129.67
2228.61
2253.83
2267.52
2274.49
2309.57
2338.88
2343.07
2355.43
2339.17
2323.45
2308.46
2308.98
2303.01
2318.25
2286.23
2282.92
2283.20
2288.66
2281.58
2287.61
2291.77
2315.72
2307.03
2322.88
2307.35
2309.03
2303.12
2299.30
2293.21
2282.60
2273.33
2270.06
2247.88
2247.05
2240.80
2258.91
2248.45
2282.79
2303.71
2301.45
2300.16
2286.50
2287.68
2270.20
2307.07
2295.26
2293.51
2294.99
2289.06
2273.03
2280.20
2269.31
2289.19
2282.29
2290.11
2297.92
2301.99
2310.90
2285.06
2280.62
2294.16
2285.80
2272.87
2257.55
2265.46
2272.76
2271.54
2326.13
2314.24
2342.03
2350.92
2357.88
2357.22
2337.83
2363.91
2340.11
2376.24
2404.04
2423.48
2468.83
2470.15
2451.58
2470.58
2453.76
2447.76
2438.96
2423.01
2409.03
2457.25
2478.96
2460.80
2466.01
2471.91
2465.57
2460.65
2448.45
2459.82
2458.54
2476.11
2477.71
2464.16
2443.98
2449.81
2461.38
2487.25
2505.61
2515.38
2492.40
2475.64
2448.81
2464.14
2474.11
2476.33
2486.10
2479.98
2453.77
2457.49
2455.07
2442.71
2444.22
2450.74
2444.08
2429.58
2437.52
2408.06
2442.43
2444.16
2445.85
2436.37
2419.29
2452.06
2437.08
2416.76
2496.02
2484.97
2485.52
2475.03
2493.97
2492.38
2486.08
2494.49
2484.12
2459.45
2433.08
2401.82
2411.41
2375.06
2402.16
2427.36
2456.14
2457.65
2451.52
2414.28
2429.65
2415.12
2442.82
2421.83
2395.19
2385.38
2363.77
2407.62
2396.56
2453.31
2491.75
2525.39
2568.54
2566.46
2567.74
2598.19
2574.76
2562.23
2538.00
2536.60
2502.11
2520.26
2515.81
2515.43
2521.74
2503.73
2496.42
2487.91
2499.75
2510.23
2513.28
2497.52
2466.46
2486.35
2479.65
2467.49
2436.67
2427.34
2440.54
2429.83
2472.37
2478.53
2481.88
2482.07
2469.48
2480.55
2461.00
2471.49
2464.00
2461.98
2474.37
2510.12
2501.67
2475.41
2476.37
2512.90
2514.19
2507.81
2544.33
2537.15
2540.51
2530.70
2527.67
2533.99
2534.79
2518.25
2526.64
2530.35
2542.95
2550.57
2552.40
2545.44
2549.41
2557.97
2546.36
2556.47
2523.43
2501.93
2496.63
2480.63
2492.50
2490.49
2490.05
2489.54
2473.06
2482.91
2484.37
2480.05
2473.62
2474.76
2458.16
2433.81
2394.47
2373.14
2372.57
2374.32
2380.40
2388.71
2406.50
2412.20
2416.05
2418.21
2386.07
2377.66
2360.18
2365.47
2359.08
2343.72
2346.19
2319.82
2326.62
2329.65
2357.69
2363.19
2372.29
2364.74
2370.30
2378.51
2375.84
2366.40
2365.33
2355.00
2358.37
2361.67
2348.26
2334.22
2319.71
2359.47
2368.39
2394.73
2398.75
2395.45
2386.85
2427.63
2422.96
2402.71
2400.99
2443.24
2434.51
2439.90
2451.53
2450.06
2441.84
2429.94
2426.04
2425.10
2414.63
2409.49
2391.77
2396.00
2382.10
2379.87
2387.81
2388.35
2380.52
2394.48
2391.79
2395.66
2382.56
2391.95
2388.66
2378.60
2370.37
2357.53
2369.23
2370.90
2361.83
2361.65
2372.64
2374.70
2357.87
2381.69
2363.57
2360.14
2368.62
2371.72
2344.61
2347.38
2343.68
2352.97
2355.30
2342.93
2317.34
2311.74
2304.03
2288.48
2286.82
2293.08
2295.33
2290.65
2286.02
2296.37
2270.12
2292.76
2241.24
2219.67
2205.44
2209.46
2207.84
2196.85
2173.74
2165.04
2149.15
2138.40
2148.46
2145.76
2134.88
2148.61
2128.91
2123.85
2133.32
2151.73
2152.75
2160.85
2161.10
2167.51
2160.23
2164.64
2166.98
2163.31
2155.66
2168.95
2172.72
2168.30
2178.38
2157.01
2164.58
2150.08
2133.00
2133.78
2117.59
2097.35
2091.06
2095.41
2094.05
2081.36
2078.75
2102.65
2091.64
2085.52
2094.12
2107.63
2106.61
2102.93
2084.39
2080.58
2081.84
2083.86
2074.57
2078.65
2075.08
2065.88
2065.08
2075.21
2077.66
2073.16
2071.01
2080.48
2067.57
2083.59
2066.94
2065.76
2065.99
2065.61
2072.79
2070.54
2071.87
2064.17
2076.79
2087.14
2075.17
2045.12
2048.78
2049.12
2041.95
2045.64
2043.97
2026.16
2026.46
2024.49
2042.17
2037.75
2035.90
2035.73
2037.96
2041.94
2038.39
2042.24
2036.65
2036.87
2035.98
2027.24
2024.69
2031.07
1991.89
1989.86
1963.36
1970.61
1983.75
1983.48
1978.39
1978.13
1974.46
1971.26
1987.95
1983.47
1966.05
1974.58
1980.55
1979.65
1967.53
1974.40
1984.43
2002.60
1958.38
2003.38
1997.58
1982.02
1983.80
1978.94
2007.39
2008.19
2019.42
2024.12
2013.89
2037.17
2047.74
2033.00
2040.60
2040.94
2040.43
2027.61
2022.66
2015.44
2033.73
2031.93
2056.82
2053.80
2065.30
2053.00
2054.86
2043.63
2068.72
2053.06
2062.82
2047.11
2054.07
2049.70
2035.99
2025.71
2015.78
1999.36
1991.48
2037.87
2063.73
2061.88
2066.53
2060.08
2038.31
2032.72
2034.65
2039.74
2032.35
2037.50
2042.92
2043.76
2049.93
2042.16
2056.24
2055.47
2043.75
2047.76
2050.47
2048.80
2044.64
2043.78
2031.12
2017.94
2000.03
1994.79
2019.03
2029.61
2016.19
2021.10
2025.05
2027.34
2012.32
2010.34
2012.22
2015.46
2016.89
2021.11
2017.26
2008.77
2005.55
1991.23
1988.54
1963.10
1974.08
1953.12
1989.85
1995.30
1987.32
1970.35
1956.36
1936.22
1926.85
1925.24
1986.71
1992.58
1982.70
1981.12
1953.40
1951.99
1968.83
1972.03
1979.06
2017.63
2024.17
2027.08
2011.63
1985.84
1985.11
1982.72
1983.40
1967.13
1969.17
1957.06
1960.51
1937.68
1955.25
1947.67
1946.78
1956.73
1968.06
1967.91
1966.99
1977.49
1980.10
1982.50
1967.81
1976.71
1986.41
1978.15
1994.15
2000.93
2015.40
2019.63
2014.55
2015.49
2022.10
2005.83
2011.36
2009.10
2014.71
2015.93
1981.32
1970.37
1972.05
1973.89
1971.32
1962.74
1978.97
1973.57
1995.85
2002.14
1994.91
1982.54
1983.81
1985.97
1995.12
1996.81
1989.76
1992.12
1987.99
1974.90
1969.97
1972.27
1971.41
1969.33
1952.95
1946.12
1957.87
1955.63
1958.17
1947.42
1916.66
1920.16
1918.57
1912.53
1914.22
1916.36
1916.24
1908.84
1883.94
1888.30
1862.20
1835.28
1861.54
1917.79
1916.26
1890.67
1906.60
1924.82
1912.06
1906.94
1897.87
1871.69
1893.43
1879.43
1840.53
1845.45
1889.64
1878.45
1878.87
1900.01
1916.28
1890.86
1894.84
1917.62
1904.33
1925.43
1930.53
1918.76
1961.31
1966.31
1964.06
1990.65
1999.22
1992.56
1981.19
1975.32
1977.96
1969.40
1932.97
1927.82
1948.62
1952.07
1948.24
1949.04
1963.67
1974.40
1994.07
2009.29
2023.93
1991.97
2028.99
2030.68
2009.42
2016.29
2003.70
1989.86
1988.91
1962.88
1963.58
1943.02
1973.29
1993.36
1997.27
1996.59
2025.70
2041.07
2049.41
2052.77
2048.40
2035.24
2029.47
2034.16
2042.51
2044.65
2048.08
2040.40
2023.00
2042.98
2039.36
2030.27
2030.26
2033.27
2009.55
2019.05
2021.63
2019.53
2005.84
1990.65
1978.25
1969.68
1979.32
1962.81
1942.85
1947.10
1944.64
1982.06
1964.68
1995.95
1976.49
1975.45
1937.56
1931.46
1941.37
1962.11
1934.20
1878.68
1883.22
1886.04
1915.53
1915.22
1914.23
1941.49
1937.67
1908.00
1894.09
1846.63
1829.81
1876.07
1914.55
1939.38
1956.26
1968.52
1983.46
1975.47
1986.65
2003.17
2010.23
2013.29
2029.76
2027.99
2008.49
2030.16
2019.03
2037.62
2039.10
2038.81
2045.96
2065.07
2064.73
2083.62
2073.31
2076.79
2087.89
2072.91
2059.23
2061.52
2031.17
2027.81
2016.21
2040.29
2053.93
2104.41
2107.33
2097.89
2074.20
2060.49
2090.26
2085.06
2085.53
2081.20
2055.16
2046.96
2041.88
2034.86
2028.72
2042.32
2052.17
2056.61
2051.32
2064.03
2065.19
2068.10
2072.86
2063.16
2078.64
2102.37
2114.80
2110.89
2107.50
2143.50
2146.10
2122.81
2139.54
2120.85
2113.72
2106.50
2120.33
2114.16
2096.77
2097.38
2085.52
2091.00
2104.58
2132.23
2127.17
2142.63
2147.67
2157.54
2159.80
2173.41
2143.89
2144.79
2146.71
2143.50
2139.90
2119.96
2111.72
2098.92
2087.76
2058.87
2059.26
2047.03
2046.43
2045.42
2029.07
2028.45
2041.03
2030.04
2019.80
2022.56
2042.81
2041.37
2036.59
2037.24
2037.89
