19897.26
19290.20
19550.09
19638.81
19043.40
19498.50
19345.77
19353.24
18950.18
18576.30
17820.19
17818.72
18065.41
18917.01
19084.97
19389.43
18664.60
19546.63
18092.35
16887.78
16552.83
16726.55
17011.53
17002.04
17431.05
18559.63
19416.06
19867.12
19698.76
20749.75
21329.12
21100.06
21082.73
21344.08
21142.96
21948.23
22426.19
22605.41
23386.74
23479.15
23400.70
23193.80
23523.24
23687.59
23827.73
23861.21
23685.98
23827.98
23873.59
23319.56
23084.59
22971.94
23205.18
22977.75
23379.40
23215.71
23343.51
23827.18
23795.44
24031.35
23864.56
24083.51
24041.26
23933.13
23916.58
24025.17
23850.57
23739.87
23204.76
23575.72
23204.86
23656.62
23837.72
23924.92
23782.87
23830.58
23821.11
23816.63
23864.85
23934.43
24066.12
23952.35
24023.10
23424.81
23391.86
23410.19
23430.70
23354.40
23300.09
23135.23
23379.81
23529.50
23293.91
23409.14
23437.77
23373.32
23292.81
23112.88
23038.58
23148.57
23292.65
23416.76
23303.32
23141.55
23319.87
23520.01
23331.84
23391.87
23330.32
23303.82
23251.99
22850.77
22927.04
22843.12
22974.13
22867.27
22799.81
22750.60
22625.38
22548.90
22492.68
22451.86
22472.92
22207.21
21798.87
21551.98
21456.38
21587.78
21375.25
21410.20
21341.74
21778.61
21885.24
21755.84
21878.90
22048.24
22020.15
22098.84
22079.09
22044.45
21960.71
22001.32
21988.29
21759.61
21597.76
21392.10
21318.42
21199.57
21085.94
20649.14
20625.16
20620.19
20704.37
20460.93
20479.42
20456.08
20261.04
20710.91
20628.01
20618.57
20677.22
20563.16
20418.81
20405.65
20655.13
20455.44
20684.82
20593.35
20516.56
20585.31
20720.29
21087.16
21540.99
21521.53
21709.31
21616.80
21658.15
21756.55
21709.57
21620.88
21416.79
21466.99
21046.24
21469.18
21535.25
21685.90
21643.53
21533.48
21565.15
21534.35
21746.38
21702.45
21638.16
21754.27
21729.97
21275.92
21338.17
21086.59
21193.81
21285.99
21258.64
21462.86
21333.87
20972.71
21124.00
21116.89
21032.00
21129.72
21204.28
21134.42
20884.71
20774.04
20776.10
20408.54
20410.88
20601.19
20942.53
21003.37
21260.14
21182.58
21117.22
21151.14
21283.37
21272.45
21301.73
21250.09
21062.98
21188.56
21067.23
21191.28
21344.92
21402.13
21602.59
21923.72
22258.73
22307.58
22200.00
22259.74
22217.90
22200.56
22090.12
22277.97
22221.66
22169.11
21870.56
21711.38
21687.57
21802.59
21761.65
21807.50
21724.95
21713.21
21505.31
21509.03
21205.81
21033.76
21378.73
21428.39
20977.11
21627.34
21608.92
21566.85
21584.50
21450.85
21287.02
21290.24
21503.69
21125.09
21025.56
21456.01
21596.81
21726.28
21822.04
21602.69
21385.16
21556.51
21449.39
21528.23
21425.51
21464.23
21431.49
21302.65
21281.85
20900.63
21139.71
21144.48
20864.21
20333.17
20751.28
20874.06
20844.45
20883.77
20788.39
20773.49
20556.54
20664.64
20649.00
20773.56
20574.63
20593.72
20622.91
20719.33
20666.07
20402.27
20442.75
20555.29
20359.70
20163.80
20427.06
20204.04
20038.97
19561.96
20014.77
20077.62
19327.06
19155.74
20166.19
20392.58
20987.92
21115.45
21506.88
21374.83
21816.19
21602.75
21148.02
21219.50
21678.68
21501.62
21919.33
22036.05
22574.76
22351.06
22262.60
22177.02
21952.40
21812.00
21646.55
21507.54
21583.12
21821.16
21680.34
21803.62
21846.48
21810.52
22269.88
22250.25
22486.92
22085.80
22147.75
21898.99
22243.66
21687.65
21920.46
21457.29
21149.80
21184.60
21268.73
22091.18
22010.78
22614.82
22532.08
22658.16
22841.12
22549.24
22271.30
22694.66
22590.86
23506.04
23469.39
23783.72
23975.62
24110.96
24270.62
24245.76
24120.04
23796.74
24033.79
23940.26
23869.93
23674.93
23672.52
23420.54
23094.67
22821.32
22604.61
22664.69
22373.09
22307.06
22487.94
22580.83
22696.90
22707.38
22865.15
22869.50
22848.22
22813.47
22799.64
22601.77
22410.82
22362.55
22219.73
22199.00
22270.38
22192.04
22204.22
22356.08
21857.43
22298.08
22598.39
22644.31
22662.74
22507.32
22525.18
22512.53
22746.70
22553.72
22544.84
22712.75
22586.87
22614.25
22510.48
22396.99
22697.88
22764.68
22794.19
22697.36
22597.35
22187.96
21932.21
22196.89
22052.18
21788.14
21546.99
21717.04
21785.54
21811.93
22304.51
22270.39
22271.77
22342.00
22338.15
22516.83
22693.04
22555.43
22278.48
22680.33
22851.75
22738.61
22966.38
22878.35
22804.04
22694.50
22823.26
22625.73
22539.54
22475.94
22171.35
22201.82
22018.52
22358.43
22481.09
22450.79
22437.01
22689.74
22960.34
23002.37
22930.36
22838.37
22717.23
22818.02
22865.86
22758.48
22497.18
22408.88
22508.69
22467.16
22472.78
22508.03
22467.87
22319.61
22215.32
22278.12
22088.04
22162.24
22191.18
22158.20
21847.59
21835.53
21778.74
21660.28
21687.10
21794.32
21678.26
21567.52
21645.42
21319.55
21292.29
21388.58
21454.30
21159.08
21031.31
21317.32
20766.10
20617.86
21591.99
21380.97
21480.90
21676.51
21803.95
21777.29
21968.10
21824.03
21469.20
21368.07
21252.72
21417.76
21042.09
21181.64
21724.47
22068.24
22389.86
22153.63
21892.78
21736.44
21970.81
21925.10
22149.21
21720.25
21464.98
21154.17
21244.68
21382.62
21890.86
21645.37
21610.24
22682.08
23274.53
23486.11
23098.29
23291.97
23629.34
23631.88
23669.49
23940.78
24124.15
23816.33
23808.06
23763.37
23868.34
23951.81
23714.88
23653.82
23710.43
23788.20
23849.99
23714.53
23506.33
22764.94
22783.98
22911.21
22892.69
22939.18
22902.76
22866.10
22891.72
22868.00
22901.77
22553.22
22694.45
22758.07
22866.17
22938.73
22811.08
22498.03
22177.04
22622.38
22707.16
22819.03
22724.96
22597.20
22486.24
22495.99
22550.85
22523.15
22416.48
22261.76
22396.80
22351.12
22028.32
22380.01
22380.99
22681.42
22868.71
22913.82
22937.60
22548.35
22539.12
22420.08
22011.61
22011.67
22055.00
22008.45
21739.78
21707.62
21805.17
21696.65
21737.50
21457.64
21448.52
21363.05
21336.12
21255.56
21235.00
21155.18
20954.72
20881.27
20823.51
20690.71
20628.56
20626.66
20614.07
20400.78
20397.50
20356.28
20363.11
20267.05
20330.19
20397.58
20427.50
20296.45
20347.48
20310.46
20299.38
20126.00
19909.50
19807.44
19865.82
19776.62
19545.77
19435.00
19274.82
19396.52
19357.97
19385.81
19508.25
19601.50
19691.47
19646.24
19506.54
19362.55
19449.90
19485.00
19452.61
19353.77
19434.64
19383.84
19393.13
19510.00
19470.41
19702.63
19729.28
19753.31
19537.10
19556.00
19729.74
19738.71
19996.01
20055.89
20069.00
19952.33
20029.26
20080.04
19985.79
19925.18
19953.50
19959.84
20079.64
20050.16
19955.20
19975.67
19970.00
20099.75
20144.59
20020.86
19999.91
20063.50
20118.86
20099.81
20098.38
20195.48
20080.98
19929.09
19994.06
20081.63
20032.35
20055.80
20044.00
20033.43
20220.30
20130.41
20225.09
20153.35
20118.00
20132.67
20110.51
20138.79
20230.41
20067.75
19965.00
19943.26
19831.82
19883.52
19898.75
19908.58
19917.50
20013.26
19909.26
19984.62
19979.90
20170.82
20122.50
20177.28
19860.03
19650.57
19677.85
19682.57
19686.00
19686.84
19813.13
19742.98
19613.28
19678.28
19674.50
19590.76
19553.86
19814.88
19919.82
19869.85
19883.90
19961.55
19900.09
19843.00
19895.70
19729.00
19445.70
19310.52
19202.50
19196.74
19251.87
19289.43
19079.33
18875.88
18909.00
18620.75
18430.49
18432.20
18418.59
18355.26
18240.50
18335.63
18426.84
18552.61
18747.87
18797.88
18800.50
18664.63
18597.06
18861.27
18810.25
18983.23
18979.00
18909.26
19063.22
19217.48
19202.87
18985.59
19060.50
19262.53
19085.31
19041.38
19455.88
19521.59
19590.14
19577.38
19609.50
19633.75
19604.61
19318.58
19254.03
19344.15
19379.14
19469.17
19564.80
19393.54
19118.99
19107.47
19283.54
19371.46
19379.87
19381.44
19251.08
19234.62
19347.53
19437.98
19238.98
19459.15
19378.93
18907.67
19007.60
18910.78
18976.71
18918.20
18914.58
19148.08
19041.34
19368.85
19467.40
19402.39
19057.50
18787.99
18891.03
19137.91
19072.25
18894.37
18813.53
19095.24
19287.28
19134.70
19364.67
19301.44
19454.33
19520.69
19594.16
19114.37
19145.14
19401.72
19403.06
19396.64
19427.67
19444.49
19494.53
19391.60
19401.15
19273.79
19253.61
19250.52
19155.03
18996.37
18765.47
18496.69
18360.54
18274.99
18426.08
18513.12
18308.48
18307.04
18356.89
18381.22
18333.41
18162.94
18106.02
17967.41
17862.63
17862.21
17668.15
17672.62
17374.79
17344.42
16251.54
17171.38
17177.21
16905.36
17134.68
17442.40
17425.02
17446.41
17336.42
17391.84
17365.25
17234.42
17184.59
17235.50
16998.91
16963.61
16900.12
16856.37
16774.24
16840.00
17024.76
16860.09
16899.10
16819.24
16735.65
16598.67
16449.84
16693.71
16465.40
16683.93
16544.56
16754.02
16807.62
16492.15
16519.29
16405.01
16614.24
16729.04
16672.92
16965.76
16958.77
17012.44
17081.98
17037.63
16925.68
16926.84
16887.40
16725.36
16737.49
16360.71
16555.95
16597.30
16497.36
16598.19
16545.82
16486.01
16745.64
16596.51
16869.56
16919.92
16735.12
16764.97
16650.57
16254.45
16254.89
16083.11
16391.45
16635.77
16569.27
16476.84
16664.82
16383.04
16620.29
16627.25
16810.22
16681.89
16723.31
16497.85
16385.89
16231.43
16095.65
15708.82
15106.98
15276.24
15378.99
15669.33
15775.80
15682.48
15575.92
15566.83
15323.14
15309.21
14952.02
16238.35
16065.72
16169.11
15965.30
15599.66
15434.14
15919.58
15859.00
16019.18
16601.36
16668.41
16830.92
16675.45
16580.03
16642.23
16562.55
16955.73
17234.98
17068.02
16834.84
16772.46
16757.35
16498.76
16654.60
16736.35
16646.66
16644.69
16652.80
16466.40
16412.21
16646.34
16579.01
16565.19
16216.03
16106.72
16147.38
16666.05
17290.49
17353.28
17439.30
17572.49
17363.62
16906.54
16874.44
16275.95
16848.03
16911.05
16381.22
15928.79
15751.13
15821.52
15749.84
15715.36
15732.82
16123.27
16164.16
16758.67
16878.96
17103.53
17134.37
17002.75
16892.33
17000.98
17048.55
16724.81
16936.38
16974.45
17117.07
17233.75
16938.87
16852.35
16642.20
16783.15
16911.32
17014.78
16960.16
16746.55
16085.51
16026.76
16188.41
16140.34
15915.79
16052.05
16111.05
15967.17
16196.80
15836.36
16054.43
16022.58
14952.61
15713.39
16085.44
17004.30
16819.59
17044.99
17191.25
17750.68
17865.23
17518.30
17041.45
17163.92
16708.90
17110.91
16958.53
16017.26
16416.19
17048.37
16955.57
17147.11
17240.95
17715.63
17218.96
17697.96
17767.34
18191.32
18374.00
18450.98
19033.71
18982.23
18873.35
18769.06
18789.69
18886.70
18916.02
18986.80
19353.56
19049.91
18565.90
18883.42
19230.48
19046.55
19301.07
19492.60
19698.15
19504.48
19939.90
19938.13
20012.40
19747.47
19883.94
19944.41
19847.58
19924.89
19879.81
19859.81
19649.18
19630.63
19393.69
19596.91
19697.77
19691.39
19671.26
19642.74
19265.60
19116.41
18926.91
18683.24
19083.10
18935.71
18903.02
18777.04
18947.12
18825.30
18435.87
18554.28
18207.15
18131.23
18291.80
18096.90
17891.00
18234.74
18438.67
18141.17
18322.98
18186.10
18005.49
17725.13
17722.42
17388.15
16930.84
17645.11
17880.51
17571.83
18070.21
18432.27
18171.60
18026.48
17965.70
18264.22
18299.62
18770.51
17427.08
17860.47
17792.16
18182.39
18095.40
18165.69
18890.48
19136.32
18574.44
18376.83
17806.70
18540.68
19435.83
20033.52
20222.63
20554.47
20620.26
20519.45
20595.55
20392.77
20720.75
20808.69
20724.56
20664.44
20614.06
20520.36
20548.11
20585.24
20522.83
20302.91
20328.89
20350.10
20544.53
20683.95
20593.67
20841.97
20650.92
20600.12
20463.33
20385.33
20089.77
19779.83
19855.50
19737.64
20376.59
20112.12
20539.79
20522.50
20329.32
20235.73
20109.95
20706.15
20771.40
20868.03
20809.42
20428.19
20174.24
19990.82
20219.27
20257.94
20387.79
20407.08
20382.97
20046.36
20096.30
20457.19
20460.90
20488.19
20473.51
20543.19
20569.87
20563.15
20551.46
20472.58
20437.48
20413.77
20264.41
20202.87
20196.56
20026.38
19890.27
19732.92
19570.24
19764.72
19624.84
19620.91
19379.19
19291.99
19531.63
19520.01
20058.95
19983.32
20020.04
20187.65
20133.90
19909.09
19634.49
19652.88
19885.77
19869.76
19908.68
19905.46
19907.63
19937.72
19789.81
19640.54
19397.98
19435.08
19312.79
19034.84
19206.99
19411.40
19285.63
19471.12
19746.20
19713.45
19754.36
19560.22
19476.56
