2838.49
2819.94
2811.17
2827.28
2783.05
2796.63
2825.90
2815.37
2820.76
2763.99
2780.64
2734.52
2750.30
2747.21
2772.20
2764.91
2781.59
2722.44
2660.17
2745.62
2702.13
2728.76
2779.64
2789.25
2887.43
2923.49
2968.52
2996.76
2943.29
3034.51
3071.68
3011.67
2992.90
2970.93
2880.30
2991.33
2987.93
3013.05
3031.23
3039.67
3030.15
2975.40
2984.97
2983.62
2917.01
2906.07
2926.90
2901.67
2890.49
2875.96
2866.51
2818.09
2783.29
2746.61
2976.53
3060.75
3052.14
3095.79
3075.50
3074.08
3090.04
3106.82
3115.57
3092.29
3094.88
3066.89
3104.80
3083.41
3083.79
3085.20
3050.12
3040.02
3005.04
3007.35
2981.88
2982.68
2962.75
3004.94
3017.07
3017.04
3022.42
2984.39
2967.68
2915.70
2924.42
2917.32
2914.48
2912.01
2899.47
2878.12
2884.70
2875.81
2871.98
2889.69
2903.19
2907.06
2906.17
2885.29
2903.64
2911.05
2933.99
2909.20
2891.34
2909.87
2905.24
2914.82
2909.97
2964.18
2978.71
2978.60
2991.56
2975.49
2958.20
2929.06
2939.32
2954.18
2980.05
2954.93
2940.92
2941.62
2954.38
2939.62
2938.14
2977.33
2978.71
2991.05
3007.88
2973.66
2947.71
2924.86
2913.57
2905.19
2932.17
2929.09
2955.43
2985.34
2977.08
3006.45
2999.28
2985.66
2978.12
3030.75
3031.24
3008.81
3021.20
3024.74
2999.60
2985.86
2957.41
2930.15
2924.11
2886.24
2890.92
2893.76
2902.19
2863.57
2897.43
2883.44
2880.33
2880.00
2883.10
2823.82
2815.80
2808.91
2797.26
2814.99
2774.75
2794.55
2768.68
2777.56
2821.50
2867.84
2908.77
2932.51
2952.34
2941.01
2944.54
2937.36
2923.28
2899.94
2886.97
2924.20
2901.18
2931.69
2937.62
2942.19
2930.55
2917.76
2915.30
2928.23
2933.36
3011.06
3005.25
3015.26
3043.94
3044.90
2978.88
2996.79
2976.28
2982.07
3008.15
3001.98
2987.12
2917.80
2890.16
2887.62
2881.97
2910.74
2909.38
2925.72
2852.13
2827.80
2861.42
2862.28
2890.08
2898.70
2905.81
2914.70
2909.91
2892.38
2852.99
2852.52
2891.70
2905.97
2870.60
2882.30
2955.71
2938.68
2883.61
2903.71
2939.21
2850.95
2893.76
2926.39
2906.46
3078.34
3062.50
3086.40
3123.83
3201.61
3198.59
3215.04
3270.80
3250.20
3263.12
3253.60
3177.79
3188.63
3189.96
3241.93
3239.66
3244.81
3246.57
3216.30
3176.82
3170.36
3090.76
2994.94
3022.72
2997.10
3043.03
3104.15
3101.45
3090.64
3090.97
3096.42
3021.75
2990.68
3026.95
3060.31
3026.99
2969.86
3106.42
3102.10
3054.25
3027.58
2994.01
2940.95
2953.82
2941.52
2961.28
2804.23
2751.80
2761.22
2755.65
2754.36
2682.39
2719.70
2721.07
2671.89
2653.90
2618.23
2584.57
2575.58
2594.25
2596.98
2601.72
2591.69
2581.00
2579.70
2610.51
2596.01
2559.64
2570.42
2570.34
2535.77
2553.83
2535.10
2544.34
2526.46
2533.09
2514.87
2464.36
2465.29
2493.90
2483.09
2498.29
2504.82
2527.01
2516.25
2536.27
2549.56
2576.65
2597.97
2593.74
2634.05
2602.15
2594.09
2584.58
2605.89
2605.18
2649.81
2665.96
2654.80
2588.19
2567.44
2601.74
2574.68
2575.81
2579.48
2645.43
2651.51
2645.85
2703.51
2679.11
2668.17
2632.24
2654.88
2630.52
2598.87
2635.63
2641.34
2659.36
2665.43
2676.48
2606.24
2602.78
2568.05
2542.10
2598.85
2603.80
2603.30
2594.83
2654.88
2550.47
2486.42
2561.61
2546.33
2568.10
2606.91
2583.46
2725.84
2721.01
2716.51
2821.35
2791.77
2806.81
2781.14
2797.48
2729.24
2730.85
2699.95
2651.79
2681.64
2686.58
2656.11
2664.80
2669.48
2702.30
2691.59
2704.34
2750.58
2720.73
2725.25
2737.74
2769.29
2777.98
2780.90
2729.43
2724.62
2714.61
2733.83
2698.47
2668.97
2705.19
2723.26
2780.96
2785.87
2795.31
2794.38
2744.07
2779.37
2705.16
2740.44
2768.02
2824.53
2876.40
2869.05
2873.59
2882.23
2903.65
2905.56
2859.54
2829.27
2772.55
2787.26
2798.13
2814.04
2831.18
2837.66
2777.77
2827.63
2815.11
2747.23
2733.88
2759.13
2786.89
2775.56
2847.42
2786.90
2813.18
2844.51
2859.34
2889.76
2875.81
2915.73
2907.82
3021.90
3044.16
3049.80
3079.80
3052.78
3067.15
3109.50
3115.18
3114.21
3091.19
3075.14
3095.47
3041.44
3120.46
3135.08
3141.30
3154.65
3168.96
3214.35
3213.84
3193.30
3154.28
3169.57
3192.12
3174.03
3163.26
3174.41
3159.15
3161.50
3136.64
3091.03
3100.86
3081.18
3082.23
3075.03
3117.97
3128.93
3068.01
3071.54
3117.38
3091.40
3066.80
3110.65
3159.05
3180.16
3208.08
3190.32
3138.29
3131.11
3136.63
3163.18
3168.90
3160.53
3122.29
3166.65
3133.72
3152.76
3263.48
3280.95
3290.64
3279.25
3269.88
3291.11
3291.38
3310.24
3326.70
3307.17
3288.41
3271.67
3289.64
3256.93
3254.53
3273.75
3259.41
3292.07
3329.57
3289.02
3268.56
3199.16
3184.96
3154.13
3129.85
3262.05
3309.26
3370.65
3487.50
3462.08
3446.98
3480.83
3488.01
3523.00
3558.13
3548.31
3559.47
3546.50
3501.36
3487.86
3474.75
3444.67
3436.59
3410.49
3428.94
3425.34
3421.83
3413.90
3409.48
3391.75
3385.71
3369.11
3348.33
3307.17
3296.38
3275.78
3306.12
3280.46
3297.06
3300.06
3287.61
3296.54
3267.92
3266.14
3292.44
3303.04
3280.81
3322.20
3289.99
3272.05
3293.96
3303.68
3309.62
3317.62
3317.19
3337.86
3333.66
3322.23
3353.82
3351.92
3430.46
3410.50
3392.40
3382.91
3399.25
3402.52
3429.55
3447.84
3432.67
3427.79
3415.46
3413.57
3388.17
3371.74
3383.31
3395.91
3393.34
3390.34
3416.81
3407.57
3396.90
3388.25
3380.70
3378.65
3370.17
3381.79
3372.04
3378.47
3390.52
3386.10
3388.28
3382.99
3374.38
3348.94
3339.64
3345.27
3343.58
3341.55
3352.53
3357.81
3366.00
3356.84
3362.86
3353.62
3371.43
3384.15
3379.49
3376.42
3365.24
3365.50
3385.39
3384.32
3379.58
3367.12
3360.81
3363.63
3365.23
3362.65
3331.52
3271.51
3287.70
3290.23
3286.91
3268.72
3268.43
3246.45
3251.26
3237.36
3208.54
3261.75
3275.57
3281.87
3279.46
3262.08
3272.93
3285.06
3292.64
3273.03
3253.24
3249.78
3247.67
3243.69
3250.60
3237.98
3244.86
3230.98
3187.57
3176.46
3222.42
3218.16
3197.54
3203.04
3212.63
3217.96
3212.44
3207.13
3182.80
3195.91
3192.43
3188.06
3173.20
3191.20
3185.44
3157.87
3147.45
3156.21
3140.01
3144.37
3123.17
3132.49
3130.67
3153.74
3139.88
3158.40
3150.33
3140.32
3102.13
3091.66
3105.54
3102.62
3117.18
3110.06
3107.83
3064.08
3061.95
3075.68
3090.63
3090.14
3104.44
3112.96
3090.23
3083.51
3061.50
3052.78
3080.53
3078.61
3103.04
3127.37
3135.35
3143.71
3154.66
3152.19
3140.85
3134.57
3129.53
3173.15
3172.10
3170.69
3196.71
3222.17
3246.07
3275.96
3273.83
3288.97
3269.39
3286.62
3281.00
3270.31
3222.51
3210.24
3241.31
3252.95
3266.96
3269.45
3248.55
3245.22
3261.61
3250.81
3237.45
3268.94
3241.76
3239.33
3237.02
3212.76
3216.75
3240.66
3242.41
3233.87
3218.31
3230.03
3246.93
3241.73
3228.66
3253.43
3251.38
3261.22
3253.33
3239.96
3202.08
3229.62
3212.99
3217.93
3216.84
3196.70
3183.18
3166.98
3153.09
3156.98
3140.17
3159.17
3149.55
3142.55
3136.77
3123.14
3101.30
3113.01
3108.77
3103.43
3112.76
3119.29
3136.75
3161.67
3171.24
3154.32
3165.41
3158.79
3135.92
3103.64
3096.10
3102.24
3114.66
3122.57
3110.15
3139.56
3137.43
3102.88
3118.08
3122.98
3117.68
3140.53
3155.04
3152.97
3232.88
3215.37
3222.24
3199.65
3204.71
3243.84
3273.31
3250.03
3282.92
3277.00
3261.94
3241.74
3241.14
3248.35
3218.15
3192.86
3208.45
3205.06
3206.99
3210.37
3196.04
3171.28
3128.37
3147.89
3133.33
3125.32
3128.94
3102.73
3122.44
3100.49
3104.27
3112.35
3116.31
3131.94
3128.25
3090.94
3084.46
3084.72
3083.88
3041.17
3063.81
3061.35
3058.50
3065.25
3048.14
3004.70
2998.48
2987.86
2998.17
2980.43
3033.90
3042.31
3025.87
3023.00
3026.05
3002.85
3023.51
3021.98
3078.85
3095.95
3091.93
3090.71
3072.10
3067.35
3063.31
3085.49
3074.68
3070.03
3070.31
3068.33
3085.88
3089.71
3084.81
3108.10
3104.11
3109.55
3110.04
3125.20
3050.67
3002.64
3018.75
3025.68
3004.28
2976.70
2982.43
2978.46
2971.28
2953.39
2979.34
2994.32
2992.00
3050.17
3015.83
3012.82
3039.01
3027.90
3036.60
3043.56
3054.30
3054.02
3060.69
3049.38
2994.92
2988.09
3016.85
3017.29
3006.39
2988.60
2932.48
2929.61
2931.59
2912.56
2895.70
2854.29
2891.96
2905.55
2878.56
2888.81
2885.11
2872.82
2887.21
2842.19
2833.07
2927.16
2936.04
2934.10
2938.68
2925.23
2913.51
2916.62
2822.45
2821.05
2822.44
2815.09
2821.67
2843.64
2825.48
2806.91
2807.51
2843.68
2850.86
2827.11
2835.86
2837.04
2832.59
2832.11
2913.25
2997.84
2991.27
2992.64
2938.32
2945.59
2953.67
2964.70
2946.67
2959.24
2952.89
2972.58
3042.82
3033.66
3078.12
3082.36
3066.64
3023.65
3033.96
2984.96
3008.42
3050.59
3053.07
3009.53
3003.92
3000.64
2919.83
2957.82
2979.43
2960.97
3009.96
2999.36
3018.80
2955.15
2904.83
2870.43
2864.37
2859.50
2810.31
2804.73
2862.56
2901.39
2897.34
2874.15
2859.76
2849.68
2733.17
2687.98
2767.21
2741.25
2928.90
2903.33
2927.18
2860.02
2862.89
2867.34
2836.57
2746.20
2763.49
2781.02
2739.25
2749.57
2688.85
2737.60
2655.66
2735.56
2749.79
2938.51
2916.56
2880.48
2976.69
3007.74
2913.84
2900.97
3007.65
2949.60
3022.86
3016.70
3186.41
3125.00
3361.84
3287.71
3296.26
3539.18
3572.88
3563.74
3533.78
3627.91
3612.49
3636.09
3651.77
3642.47
3578.96
3580.00
3516.19
3510.35
3520.67
3434.58
3455.50
3472.44
3470.07
3536.93
3524.99
3584.82
3536.91
3456.31
3445.40
3436.30
3635.55
3647.93
3616.11
3610.31
3630.50
3617.06
3568.47
3604.80
3606.96
3580.84
3632.90
3650.25
3640.49
3646.88
3590.03
3522.82
3459.64
3316.70
3325.08
3382.56
3387.32
3375.20
3434.34
3429.58
3412.43
3368.74
3320.68
3425.33
3386.70
3391.35
3338.07
3262.44
3293.23
3287.66
3183.15
3143.36
3052.78
3038.14
3100.76
3092.35
3142.69
3115.89
3185.62
3156.54
3097.92
3086.06
3152.26
3005.17
3114.80
3200.23
3197.89
3243.09
3170.45
3080.42
3160.17
3166.62
3205.99
3232.35
3083.59
2927.29
2964.97
3209.91
3507.74
3664.29
3794.11
3748.16
3993.67
3965.33
3954.56
3886.32
3927.91
3928.42
3744.20
3661.54
3694.57
3756.54
3622.91
3663.73
3705.77
3789.17
3663.00
3725.56
4070.91
4123.92
4026.05
4017.67
3992.11
3957.35
3823.18
3805.70
3924.49
3970.39
3877.80
3709.33
3507.19
3727.12
3775.91
3686.92
3912.77
4053.70
4277.22
4053.03
4192.87
4527.78
4690.15
4576.49
4478.36
4785.36
4967.90
4887.43
5062.99
5166.35
5121.59
5106.04
5113.53
5131.88
5023.10
4947.10
4909.98
4910.53
4828.74
4611.74
4620.27
4941.71
4910.90
4813.80
4657.60
4529.42
4446.29
4417.55
4283.49
4308.69
4378.31
4375.76
4401.22
4333.58
4205.92
4112.21
4229.27
4298.71
4480.46
4441.66
4476.62
4476.21
4527.40
4393.69
4414.51
4398.49
4293.62
4217.08
4287.30
4194.82
4084.16
4135.57
4121.71
4034.31
3957.53
3994.81
3961.38
3863.93
3825.78
3810.29
3747.90
3786.57
3691.10
3682.10
3660.73
3691.41
3687.73
3617.32
3582.27
