2614.60
2612.25
2605.56
2634.57
2567.25
2571.32
2571.32
2539.44
2571.89
2470.59
2389.29
2453.03
2440.27
2481.23
2416.24
2528.76
2487.56
2505.47
2362.05
2233.48
2410.74
2311.00
2425.62
2454.53
2495.77
2634.00
2678.64
2783.72
2832.54
2782.37
2960.98
3018.27
3025.03
3019.56
3007.72
3011.08
3111.70
3117.52
3158.24
3142.20
3181.03
3198.68
3213.71
3196.63
3213.00
3220.03
3220.09
3223.37
3175.57
3163.15
3181.48
3231.55
3200.13
3156.57
3116.31
3153.73
3170.68
3182.57
3181.25
3240.02
3240.02
3234.56
3253.93
3247.17
3280.09
3281.03
3278.00
3256.98
3270.54
3251.07
3255.95
3247.48
3245.89
3247.86
3218.86
3238.82
3252.00
3222.83
3222.83
3222.44
3226.53
3222.99
3221.67
3221.67
3214.00
3212.39
3207.42
3209.54
3200.80
3206.09
3214.05
3194.67
3172.90
3162.89
3179.82
3194.71
3174.19
3159.79
3173.08
3187.97
3193.92
3200.61
3215.53
3207.85
3220.63
3225.65
3192.21
3229.78
3238.87
3258.66
3238.86
3231.85
3239.22
3267.80
3240.65
3264.30
3285.72
3262.69
3248.63
3236.40
3229.43
3229.88
3207.92
3197.04
3185.53
3185.53
3168.87
3144.28
3160.67
3139.15
3114.16
3126.14
3134.71
3116.17
3124.45
3113.97
3089.48
3089.90
3110.85
3099.48
3078.36
3087.97
3103.45
3146.03
3119.99
3125.63
3125.81
3125.82
3155.46
3143.24
3159.68
3158.80
3166.84
3183.00
3203.93
3211.49
3194.96
3204.52
3155.71
3146.33
3144.48
3147.06
3130.57
3090.63
3082.96
3106.52
3081.83
3056.47
3067.52
3065.33
3110.35
3127.74
3122.57
3135.95
3128.45
3115.03
3126.09
3147.60
3146.73
3168.94
3168.94
3184.69
3170.47
3194.51
3261.11
3291.75
3300.75
3350.54
3346.39
3363.76
3381.26
3368.44
3373.13
3357.22
3377.96
3361.05
3364.87
3360.03
3347.95
3357.34
3350.45
3340.42
3329.46
3334.23
3366.81
3372.25
3367.80
3370.80
3372.26
3321.61
3328.60
3301.25
3304.27
3311.53
3321.40
3314.51
3288.17
3238.73
3207.99
3222.63
3220.66
3207.74
3209.58
3188.11
3166.29
3146.18
3142.37
3142.37
3123.46
3117.76
3143.00
3163.28
3165.32
3170.77
3169.89
3160.72
3183.14
3183.26
3205.46
3205.46
3230.26
3218.77
3223.71
3234.28
3273.50
3269.70
3283.84
3312.52
3290.62
3392.29
3393.33
3400.20
3407.02
3356.95
3350.28
3362.43
3353.47
3357.70
3347.58
3348.64
3332.04
3325.86
3331.98
3330.82
3327.65
3325.60
3315.42
3322.64
3316.21
3311.27
3279.78
3250.51
3212.88
3203.58
3198.39
3200.28
3182.92
3212.10
3213.65
3207.66
3220.92
3212.96
3200.18
3197.92
3195.59
3212.25
3191.42
3195.87
3229.48
3222.84
3234.07
3251.08
3220.40
3212.69
3250.02
3261.66
3272.35
3269.90
3277.91
3278.38
3259.80
3265.97
3239.74
3253.16
3244.77
3201.15
3206.27
3202.04
3200.64
3184.56
3188.68
3190.17
3174.38
3187.69
3199.50
3202.25
3190.73
3171.11
3192.71
3220.56
3224.34
3214.44
3229.11
3212.30
3173.46
3198.65
3183.51
3158.07
3122.94
3102.80
3059.23
3012.88
3038.89
3068.76
3053.43
3044.74
3011.15
3051.06
3051.06
3046.04
3050.62
3058.65
3045.54
3114.25
3077.09
3111.08
3099.99
3059.28
3072.44
3111.12
3115.52
3155.92
3167.79
3190.62
3117.61
3109.44
3094.48
3090.40
3093.38
3052.49
3041.38
3038.65
3026.99
3065.07
3083.60
3054.53
3043.19
3053.60
3068.15
3077.97
3093.24
3065.36
3060.62
3116.39
3060.85
3018.80
2966.45
2981.54
2972.02
3012.84
3032.08
3031.39
3078.06
3062.51
3069.67
3071.10
3034.31
3045.97
3069.17
3047.39
3131.48
3166.60
3181.45
3209.79
3231.59
3267.40
3242.65
3255.46
3257.05
3236.26
3239.10
3236.08
3219.16
3217.68
3180.43
3176.57
3139.34
3141.40
3161.42
3131.77
3124.65
3109.91
3120.92
3134.39
3147.69
3156.28
3210.51
3207.20
3213.48
3225.72
3243.92
3247.55
3225.62
3213.00
3249.89
3199.89
3204.71
3209.44
3211.93
3234.12
3242.87
3245.34
3284.78
3326.74
3326.74
3340.00
3285.34
3265.73
3286.32
3328.95
3319.85
3307.15
3324.98
3328.60
3326.83
3292.65
3293.71
3297.83
3277.58
3240.50
3239.64
3232.79
3260.35
3253.01
3249.08
3274.83
3228.82
3191.82
3256.71
3244.89
3235.90
3238.94
3268.70
3257.57
3254.77
3280.87
3260.84
3287.40
3300.00
3315.90
3301.35
3324.04
3356.73
3356.73
3392.51
3430.69
3441.69
3436.37
3473.08
3467.81
3483.16
3467.48
3427.51
3428.18
3443.95
3518.48
3518.48
3513.23
3528.92
3496.27
3543.18
3548.23
3529.27
3536.76
3533.05
3540.23
3562.46
3570.17
3537.59
3548.54
3543.17
3532.86
3545.38
3575.68
3615.28
3613.93
3577.21
3570.02
3568.01
3584.56
3579.54
3573.38
3598.73
3557.82
3498.20
3497.19
3501.30
3468.61
3479.76
3466.38
3449.96
3442.50
3405.65
3339.70
3412.15
3430.76
3427.97
3427.97
3382.78
3439.35
3412.46
3421.39
3491.37
3511.13
3513.31
3498.29
3512.14
3517.73
3539.41
3553.73
3540.19
3485.57
3480.44
3450.69
3491.92
3438.61
3479.20
3513.85
3517.94
3540.39
3555.85
3533.22
3488.46
3516.23
3476.53
3487.88
3443.51
3443.51
3402.86
3415.07
3384.98
3377.24
3415.90
3383.77
3406.38
3482.93
3529.82
3547.23
3533.99
3548.74
3577.07
3567.14
3572.62
3609.24
3592.08
3569.43
3550.36
3521.31
3541.91
3550.21
3536.41
3520.56
3512.68
3520.45
3524.65
3512.18
3489.45
3501.16
3464.28
3430.30
3402.92
3402.92
3399.10
3391.67
3378.16
3385.71
3382.53
3394.87
3404.47
3414.82
3416.94
3435.78
3468.77
3465.54
3460.45
3424.64
3388.14
3397.21
3438.06
3438.47
3449.54
3433.54
3438.99
3442.35
3436.36
3442.15
3423.17
3430.02
3423.38
3386.59
3382.38
3341.30
3368.70
3399.09
3419.13
3420.10
3423.91
3421.25
3413.10
3381.85
3382.31
3380.50
3391.61
3374.08
3375.97
3386.44
3356.25
3343.88
3334.67
3349.80
3340.73
3334.91
3329.03
3329.03
3323.06
3319.11
3303.09
3280.28
3288.95
3291.56
3291.29
3261.84
3236.65
3246.08
3262.10
3219.91
3227.14
3236.15
3212.04
3215.91
3220.25
3213.82
3218.07
3225.95
3241.85
3209.56
3220.95
3230.36
3235.69
3228.51
3228.56
3228.06
3232.47
3251.26
3230.97
3277.26
3265.26
3249.34
3267.62
3259.57
3272.16
3260.05
3263.79
3246.99
3251.99
3268.88
3278.95
3294.93
3308.69
3279.72
3323.24
3318.08
3318.08
3320.67
3326.52
3342.92
3348.80
3338.20
3329.52
3330.75
3354.71
3336.72
3327.83
3310.80
3314.12
3293.13
3325.07
3306.08
3298.24
3287.43
3235.67
3208.91
3218.80
3246.35
3229.01
3226.34
3248.71
3211.17
3223.46
3226.48
3258.65
3215.70
3219.53
3209.47
3209.47
3215.55
3201.77
3230.42
3247.18
3231.44
3232.09
3253.43
3257.52
3248.34
3254.19
3237.05
3230.49
3235.75
3238.31
3240.01
3235.96
3210.82
3204.79
3214.55
3219.42
3234.37
3231.24
3222.69
3213.57
3216.92
3221.66
3224.10
3227.71
3264.21
3255.29
3271.11
3249.97
3249.97
3236.98
3229.73
3228.62
3237.81
3211.11
3175.44
3175.44
3171.36
3173.76
3163.93
3144.03
3139.83
3137.88
3126.28
3137.54
3138.30
3169.24
3169.24
3186.01
3174.75
3181.45
3177.27
3175.59
3176.55
3179.06
3187.51
3175.11
3173.24
3184.57
3157.82
3126.88
3142.90
3126.93
3118.19
3158.57
3165.70
3169.38
3163.52
3137.43
3143.40
3147.15
3133.35
3118.84
3145.29
3130.44
3121.51
3122.34
3136.48
3122.77
3096.61
3108.62
3117.03
3137.57
3122.20
3094.19
3096.69
3107.65
3096.69
3088.48
3072.47
3111.63
3100.39
3079.96
3066.53
3071.64
3056.91
3041.94
3044.08
3067.49
3046.80
3064.85
3051.78
3039.94
3041.95
3025.48
3011.08
3008.22
3000.22
3012.77
3013.12
3025.07
2993.00
3000.94
3006.02
2981.54
2962.63
2954.14
2921.31
2898.97
2880.76
2889.15
2898.30
2885.76
2871.05
2882.04
2901.70
2911.31
2913.08
2937.86
2930.77
2954.06
2955.23
2952.19
2956.13
2958.86
2959.84
2949.12
2943.05
2919.37
2928.58
2905.17
2879.14
2874.65
2859.33
2843.72
2839.69
2822.20
2816.67
2838.65
2813.48
2793.99
2797.55
2787.27
2814.60
2834.09
2789.88
2820.24
2800.95
2788.80
2802.08
2807.14
2813.69
2813.87
2816.26
2828.94
2828.57
2854.05
2856.68
2831.06
2842.62
2844.62
2830.63
2817.07
2815.24
2805.48
2813.71
2856.13
2870.24
2875.24
2885.22
2881.79
2884.64
2870.84
2869.47
2885.71
2858.01
2860.23
2849.94
2856.95
2846.06
2850.74
2854.69
2852.14
2827.45
2805.52
2809.35
2818.38
2873.33
2894.48
2893.65
2896.55
2851.74
2803.92
2816.47
2820.59
2828.39
2829.43
2857.65
2876.93
2869.57
2850.43
2841.19
2844.02
2836.98
2843.35
2858.80
2867.21
2867.40
2869.82
2875.57
2870.78
2828.17
2831.96
2827.58
2856.67
2892.52
2868.69
2918.62
2941.49
2933.44
2929.85
2945.35
2940.48
2945.74
2919.54
2928.76
2925.35
2906.92
2910.65
2901.82
2876.14
2847.04
2862.17
2864.67
2870.56
2846.37
2840.93
2792.73
2756.53
2729.85
2735.39
2793.85
2786.13
2789.45
2800.87
2763.42
2751.56
2774.25
2768.33
2785.43
2822.97
2843.80
2862.38
2848.09
2831.28
2809.23
2795.09
2790.54
2791.06
2796.75
2802.51
2773.31
2766.66
2750.23
2766.93
2763.82
2740.11
2777.11
2781.11
2736.06
2734.91
2745.39
2732.87
2741.15
2766.06
2730.80
2767.81
2773.07
2811.20
2838.52
2862.30
2874.72
2894.66
2900.28
2940.43
2960.78
2949.95
2951.81
2917.75
2923.94
2913.93
2890.41
2814.65
2809.24
2808.32
2813.59
2811.25
2800.92
2835.35
2818.49
2840.90
2872.78
2819.08
2830.29
2847.39
2881.98
2880.65
2880.69
2906.80
2880.17
2844.21
2839.44
2847.06
2828.86
2809.12
2810.43
2778.77
2823.51
2837.00
2787.62
2726.96
2682.39
2666.51
2649.38
2603.40
2619.96
2672.07
2660.65
2656.87
2657.57
2613.79
2644.58
2607.90
2539.95
2538.28
2582.10
2623.21
2558.49
2550.74
2579.23
2602.41
2629.11
2562.45
2546.18
2545.61
2582.64
2577.09
2532.70
2559.77
2638.47
2593.00
2630.76
2644.57
2696.50
2691.78
2708.85
2751.23
2729.91
2804.27
2834.23
2835.97
2882.73
2885.51
2888.22
2875.32
2877.62
2863.65
2852.97
2845.55
2852.84
2861.18
2840.92
2815.52
2815.04
2834.63
2848.46
2861.19
2876.03
2900.92
2879.05
2883.89
2883.64
2870.26
2855.94
2859.12
2884.69
2891.58
2923.49
2903.49
2917.91
2919.83
2886.08
2916.78
2915.73
2925.68
2959.01
2981.59
2997.72
3010.47
3023.65
3040.48
2999.56
2974.41
2998.35
3001.51
3040.51
3052.53
3083.07
3068.46
3038.11
3025.70
3019.03
3024.50
3030.61
3015.14
2983.92
2984.88
3032.11
2998.50
2947.03
2961.81
2897.41
2851.25
2793.15
2801.85
2790.89
2787.94
2791.92
2832.64
2845.74
2868.47
2882.27
2879.59
2895.81
2868.74
2841.94
2871.47
2888.03
2928.18
2885.32
2852.41
2863.81
2906.43
2878.13
2882.77
2921.44
2955.94
2945.43
2873.00
2886.29
2843.39
2971.01
3009.78
3041.25
3049.65
3067.35
3114.25
3091.78
3061.49
3153.06
3196.66
3191.39
3191.04
3192.79
3202.50
3249.52
3284.00
3281.09
3313.42
3352.65
3356.37
3359.17
3371.41
3373.48
3353.45
3338.86
3316.50
3311.22
3279.88
3267.40
3284.99
3340.93
3332.94
3342.73
3327.84
3331.14
3317.33
3280.18
3320.90
3349.87
3351.33
3339.78
3315.13
3300.96
3300.42
3325.91
3298.09
3323.13
3353.85
3347.67
3325.77
3295.13
3320.33
3333.67
3345.00
3349.84
3340.75
3392.11
3417.77
3424.94
3459.98
3460.85
3450.18
3439.86
3439.68
3454.04
3459.57
3463.10
3455.78
3453.17
3442.33
3470.80
3452.01
3432.78
3459.79
3471.19
3482.70
3487.39
3487.15
3495.09
3515.85
3513.00
3502.75
3496.24
3508.61
3503.25
3525.19
